#  hammersley_7_10.txt
#  created by routine HALHAM_WRITE.CC
#  at 23 September 2004 02:37:05 PM
#
#  NDIM =            7
#  N =              10
#  STEP =            0
#  SEED =            0           0           0           0           3
#                    0           0
#  LEAP =            1           1           1           1           1
#                    1           2
#  BASE =            2          -1           4          -2           2
#                  -20           2
#  EPSILON (unit roundoff) = 2.22045e-16
#
         0           0           0           0        0.75           0           0  
       0.5           0        0.25         0.5       0.125        0.05        0.25  
      0.25           0         0.5           0       0.625         0.1       0.125  
      0.75           0        0.75         0.5       0.375        0.15       0.375  
     0.125           0      0.0625           0       0.875         0.2      0.0625  
     0.625           0      0.3125         0.5      0.0625        0.25      0.3125  
     0.375           0      0.5625           0      0.5625         0.3      0.1875  
     0.875           0      0.8125         0.5      0.3125        0.35      0.4375  
    0.0625           0       0.125           0      0.8125         0.4     0.03125  
    0.5625           0       0.375         0.5      0.1875        0.45     0.28125  
