      0.0010582010605291
      0.0097479099515406
      0.0186243386359788
      0.0241145239253906
      0.0262433862597884
      0.0241145239253906
      0.0186243386359788
      0.0097479099515406
      0.0010582010605291
      0.0084656084794709
      0.0779832795684594
      0.1489947090040211
      0.1929161912946094
      0.2099470899602116
      0.1929161912946094
      0.1489947090040211
      0.0779832795684594
      0.0084656084794709
      0.0126984127200000
      0.1169749193600000
      0.2234920635200000
      0.2893742869600000
      0.3149206349600000
      0.2893742869600000
      0.2234920635200000
      0.1169749193600000
      0.0126984127200000
      0.0084656084794709
      0.0779832795684594
      0.1489947090040211
      0.1929161912946094
      0.2099470899602116
      0.1929161912946094
      0.1489947090040211
      0.0779832795684594
      0.0084656084794709
      0.0010582010605291
      0.0097479099515406
      0.0186243386359788
      0.0241145239253906
      0.0262433862597884
      0.0241145239253906
      0.0186243386359788
      0.0097479099515406
      0.0010582010605291
