    0.0001524158
    0.0014391044
    0.0027812879
    0.0037276548
    0.0042452161
    0.0042452161
    0.0037276548
    0.0027812879
    0.0014391044
    0.0001524158
    0.0014391044
    0.0135879719
    0.0262608206
    0.0351963819
    0.0400831777
    0.0400831777
    0.0351963819
    0.0262608206
    0.0135879719
    0.0014391044
    0.0027812879
    0.0262608206
    0.0507530263
    0.0680223565
    0.0774668319
    0.0774668319
    0.0680223565
    0.0507530263
    0.0262608206
    0.0027812879
    0.0037276548
    0.0351963819
    0.0680223565
    0.0911677849
    0.1038258571
    0.1038258571
    0.0911677849
    0.0680223565
    0.0351963819
    0.0037276548
    0.0042452161
    0.0400831777
    0.0774668319
    0.1038258571
    0.1182414229
    0.1182414229
    0.1038258571
    0.0774668319
    0.0400831777
    0.0042452161
    0.0042452161
    0.0400831777
    0.0774668319
    0.1038258571
    0.1182414229
    0.1182414229
    0.1038258571
    0.0774668319
    0.0400831777
    0.0042452161
    0.0037276548
    0.0351963819
    0.0680223565
    0.0911677849
    0.1038258571
    0.1038258571
    0.0911677849
    0.0680223565
    0.0351963819
    0.0037276548
    0.0027812879
    0.0262608206
    0.0507530263
    0.0680223565
    0.0774668319
    0.0774668319
    0.0680223565
    0.0507530263
    0.0262608206
    0.0027812879
    0.0014391044
    0.0135879719
    0.0262608206
    0.0351963819
    0.0400831777
    0.0400831777
    0.0351963819
    0.0262608206
    0.0135879719
    0.0014391044
    0.0001524158
    0.0014391044
    0.0027812879
    0.0037276548
    0.0042452161
    0.0042452161
    0.0037276548
    0.0027812879
    0.0014391044
    0.0001524158
