    0.0123456790
    0.0493827160
    0.0123456790
    0.0493827160
    0.1975308642
    0.0493827160
    0.0123456790
    0.0493827160
    0.0123456790
    0.0493827160
    0.1975308642
    0.0493827160
    0.1975308642
    0.7901234568
    0.1975308642
    0.0493827160
    0.1975308642
    0.0493827160
    0.0123456790
    0.0493827160
    0.0123456790
    0.0493827160
    0.1975308642
    0.0493827160
    0.0123456790
    0.0493827160
    0.0123456790
    0.0493827160
    0.1975308642
    0.0493827160
    0.1975308642
    0.7901234568
    0.1975308642
    0.0493827160
    0.1975308642
    0.0493827160
    0.1975308642
    0.7901234568
    0.1975308642
    0.7901234568
    3.1604938272
    0.7901234568
    0.1975308642
    0.7901234568
    0.1975308642
    0.0493827160
    0.1975308642
    0.0493827160
    0.1975308642
    0.7901234568
    0.1975308642
    0.0493827160
    0.1975308642
    0.0493827160
    0.0123456790
    0.0493827160
    0.0123456790
    0.0493827160
    0.1975308642
    0.0493827160
    0.0123456790
    0.0493827160
    0.0123456790
    0.0493827160
    0.1975308642
    0.0493827160
    0.1975308642
    0.7901234568
    0.1975308642
    0.0493827160
    0.1975308642
    0.0493827160
    0.0123456790
    0.0493827160
    0.0123456790
    0.0493827160
    0.1975308642
    0.0493827160
    0.0123456790
    0.0493827160
    0.0123456790
