     -1.0000000000000000     -1.0000000000000000
     -0.9238795325000000     -1.0000000000000000
     -0.7071067812000000     -1.0000000000000000
     -0.3826834324000000     -1.0000000000000000
      0.0000000000000000     -1.0000000000000000
      0.3826834324000000     -1.0000000000000000
      0.7071067812000000     -1.0000000000000000
      0.9238795325000000     -1.0000000000000000
      1.0000000000000000     -1.0000000000000000
     -1.0000000000000000     -0.7071067812000000
     -0.9238795325000000     -0.7071067812000000
     -0.7071067812000000     -0.7071067812000000
     -0.3826834324000000     -0.7071067812000000
      0.0000000000000000     -0.7071067812000000
      0.3826834324000000     -0.7071067812000000
      0.7071067812000000     -0.7071067812000000
      0.9238795325000000     -0.7071067812000000
      1.0000000000000000     -0.7071067812000000
     -1.0000000000000000      0.0000000000000000
     -0.9238795325000000      0.0000000000000000
     -0.7071067812000000      0.0000000000000000
     -0.3826834324000000      0.0000000000000000
      0.0000000000000000      0.0000000000000000
      0.3826834324000000      0.0000000000000000
      0.7071067812000000      0.0000000000000000
      0.9238795325000000      0.0000000000000000
      1.0000000000000000      0.0000000000000000
     -1.0000000000000000      0.7071067812000000
     -0.9238795325000000      0.7071067812000000
     -0.7071067812000000      0.7071067812000000
     -0.3826834324000000      0.7071067812000000
      0.0000000000000000      0.7071067812000000
      0.3826834324000000      0.7071067812000000
      0.7071067812000000      0.7071067812000000
      0.9238795325000000      0.7071067812000000
      1.0000000000000000      0.7071067812000000
     -1.0000000000000000      1.0000000000000000
     -0.9238795325000000      1.0000000000000000
     -0.7071067812000000      1.0000000000000000
     -0.3826834324000000      1.0000000000000000
      0.0000000000000000      1.0000000000000000
      0.3826834324000000      1.0000000000000000
      0.7071067812000000      1.0000000000000000
      0.9238795325000000      1.0000000000000000
      1.0000000000000000      1.0000000000000000
