   -1.0000000000   -1.0000000000
   -1.0000000000   -0.9396926208
   -1.0000000000   -0.7660444431
   -1.0000000000   -0.5000000000
   -1.0000000000   -0.1736481777
   -1.0000000000    0.1736481777
   -1.0000000000    0.5000000000
   -1.0000000000    0.7660444431
   -1.0000000000    0.9396926208
   -1.0000000000    1.0000000000
   -0.9396926208   -1.0000000000
   -0.9396926208   -0.9396926208
   -0.9396926208   -0.7660444431
   -0.9396926208   -0.5000000000
   -0.9396926208   -0.1736481777
   -0.9396926208    0.1736481777
   -0.9396926208    0.5000000000
   -0.9396926208    0.7660444431
   -0.9396926208    0.9396926208
   -0.9396926208    1.0000000000
   -0.7660444431   -1.0000000000
   -0.7660444431   -0.9396926208
   -0.7660444431   -0.7660444431
   -0.7660444431   -0.5000000000
   -0.7660444431   -0.1736481777
   -0.7660444431    0.1736481777
   -0.7660444431    0.5000000000
   -0.7660444431    0.7660444431
   -0.7660444431    0.9396926208
   -0.7660444431    1.0000000000
   -0.5000000000   -1.0000000000
   -0.5000000000   -0.9396926208
   -0.5000000000   -0.7660444431
   -0.5000000000   -0.5000000000
   -0.5000000000   -0.1736481777
   -0.5000000000    0.1736481777
   -0.5000000000    0.5000000000
   -0.5000000000    0.7660444431
   -0.5000000000    0.9396926208
   -0.5000000000    1.0000000000
   -0.1736481777   -1.0000000000
   -0.1736481777   -0.9396926208
   -0.1736481777   -0.7660444431
   -0.1736481777   -0.5000000000
   -0.1736481777   -0.1736481777
   -0.1736481777    0.1736481777
   -0.1736481777    0.5000000000
   -0.1736481777    0.7660444431
   -0.1736481777    0.9396926208
   -0.1736481777    1.0000000000
    0.1736481777   -1.0000000000
    0.1736481777   -0.9396926208
    0.1736481777   -0.7660444431
    0.1736481777   -0.5000000000
    0.1736481777   -0.1736481777
    0.1736481777    0.1736481777
    0.1736481777    0.5000000000
    0.1736481777    0.7660444431
    0.1736481777    0.9396926208
    0.1736481777    1.0000000000
    0.5000000000   -1.0000000000
    0.5000000000   -0.9396926208
    0.5000000000   -0.7660444431
    0.5000000000   -0.5000000000
    0.5000000000   -0.1736481777
    0.5000000000    0.1736481777
    0.5000000000    0.5000000000
    0.5000000000    0.7660444431
    0.5000000000    0.9396926208
    0.5000000000    1.0000000000
    0.7660444431   -1.0000000000
    0.7660444431   -0.9396926208
    0.7660444431   -0.7660444431
    0.7660444431   -0.5000000000
    0.7660444431   -0.1736481777
    0.7660444431    0.1736481777
    0.7660444431    0.5000000000
    0.7660444431    0.7660444431
    0.7660444431    0.9396926208
    0.7660444431    1.0000000000
    0.9396926208   -1.0000000000
    0.9396926208   -0.9396926208
    0.9396926208   -0.7660444431
    0.9396926208   -0.5000000000
    0.9396926208   -0.1736481777
    0.9396926208    0.1736481777
    0.9396926208    0.5000000000
    0.9396926208    0.7660444431
    0.9396926208    0.9396926208
    0.9396926208    1.0000000000
    1.0000000000   -1.0000000000
    1.0000000000   -0.9396926208
    1.0000000000   -0.7660444431
    1.0000000000   -0.5000000000
    1.0000000000   -0.1736481777
    1.0000000000    0.1736481777
    1.0000000000    0.5000000000
    1.0000000000    0.7660444431
    1.0000000000    0.9396926208
    1.0000000000    1.0000000000
