                      -1                        -1  
                      -1             -0.9807852804  
                      -1             -0.9238795325  
                      -1             -0.8314696123  
                      -1             -0.7071067812  
                      -1              -0.555570233  
                      -1             -0.3826834324  
                      -1              -0.195090322  
                      -1                         0  
                      -1               0.195090322  
                      -1              0.3826834324  
                      -1               0.555570233  
                      -1              0.7071067812  
                      -1              0.8314696123  
                      -1              0.9238795325  
                      -1              0.9807852804  
                      -1                         1  
           -0.9807852804                        -1  
           -0.9807852804             -0.9807852804  
           -0.9807852804             -0.9238795325  
           -0.9807852804             -0.8314696123  
           -0.9807852804             -0.7071067812  
           -0.9807852804              -0.555570233  
           -0.9807852804             -0.3826834324  
           -0.9807852804              -0.195090322  
           -0.9807852804                         0  
           -0.9807852804               0.195090322  
           -0.9807852804              0.3826834324  
           -0.9807852804               0.555570233  
           -0.9807852804              0.7071067812  
           -0.9807852804              0.8314696123  
           -0.9807852804              0.9238795325  
           -0.9807852804              0.9807852804  
           -0.9807852804                         1  
           -0.9238795325                        -1  
           -0.9238795325             -0.9807852804  
           -0.9238795325             -0.9238795325  
           -0.9238795325             -0.8314696123  
           -0.9238795325             -0.7071067812  
           -0.9238795325              -0.555570233  
           -0.9238795325             -0.3826834324  
           -0.9238795325              -0.195090322  
           -0.9238795325                         0  
           -0.9238795325               0.195090322  
           -0.9238795325              0.3826834324  
           -0.9238795325               0.555570233  
           -0.9238795325              0.7071067812  
           -0.9238795325              0.8314696123  
           -0.9238795325              0.9238795325  
           -0.9238795325              0.9807852804  
           -0.9238795325                         1  
           -0.8314696123                        -1  
           -0.8314696123             -0.9807852804  
           -0.8314696123             -0.9238795325  
           -0.8314696123             -0.8314696123  
           -0.8314696123             -0.7071067812  
           -0.8314696123              -0.555570233  
           -0.8314696123             -0.3826834324  
           -0.8314696123              -0.195090322  
           -0.8314696123                         0  
           -0.8314696123               0.195090322  
           -0.8314696123              0.3826834324  
           -0.8314696123               0.555570233  
           -0.8314696123              0.7071067812  
           -0.8314696123              0.8314696123  
           -0.8314696123              0.9238795325  
           -0.8314696123              0.9807852804  
           -0.8314696123                         1  
           -0.7071067812                        -1  
           -0.7071067812             -0.9807852804  
           -0.7071067812             -0.9238795325  
           -0.7071067812             -0.8314696123  
           -0.7071067812             -0.7071067812  
           -0.7071067812              -0.555570233  
           -0.7071067812             -0.3826834324  
           -0.7071067812              -0.195090322  
           -0.7071067812                         0  
           -0.7071067812               0.195090322  
           -0.7071067812              0.3826834324  
           -0.7071067812               0.555570233  
           -0.7071067812              0.7071067812  
           -0.7071067812              0.8314696123  
           -0.7071067812              0.9238795325  
           -0.7071067812              0.9807852804  
           -0.7071067812                         1  
            -0.555570233                        -1  
            -0.555570233             -0.9807852804  
            -0.555570233             -0.9238795325  
            -0.555570233             -0.8314696123  
            -0.555570233             -0.7071067812  
            -0.555570233              -0.555570233  
            -0.555570233             -0.3826834324  
            -0.555570233              -0.195090322  
            -0.555570233                         0  
            -0.555570233               0.195090322  
            -0.555570233              0.3826834324  
            -0.555570233               0.555570233  
            -0.555570233              0.7071067812  
            -0.555570233              0.8314696123  
            -0.555570233              0.9238795325  
            -0.555570233              0.9807852804  
            -0.555570233                         1  
           -0.3826834324                        -1  
           -0.3826834324             -0.9807852804  
           -0.3826834324             -0.9238795325  
           -0.3826834324             -0.8314696123  
           -0.3826834324             -0.7071067812  
           -0.3826834324              -0.555570233  
           -0.3826834324             -0.3826834324  
           -0.3826834324              -0.195090322  
           -0.3826834324                         0  
           -0.3826834324               0.195090322  
           -0.3826834324              0.3826834324  
           -0.3826834324               0.555570233  
           -0.3826834324              0.7071067812  
           -0.3826834324              0.8314696123  
           -0.3826834324              0.9238795325  
           -0.3826834324              0.9807852804  
           -0.3826834324                         1  
            -0.195090322                        -1  
            -0.195090322             -0.9807852804  
            -0.195090322             -0.9238795325  
            -0.195090322             -0.8314696123  
            -0.195090322             -0.7071067812  
            -0.195090322              -0.555570233  
            -0.195090322             -0.3826834324  
            -0.195090322              -0.195090322  
            -0.195090322                         0  
            -0.195090322               0.195090322  
            -0.195090322              0.3826834324  
            -0.195090322               0.555570233  
            -0.195090322              0.7071067812  
            -0.195090322              0.8314696123  
            -0.195090322              0.9238795325  
            -0.195090322              0.9807852804  
            -0.195090322                         1  
                       0                        -1  
                       0             -0.9807852804  
                       0             -0.9238795325  
                       0             -0.8314696123  
                       0             -0.7071067812  
                       0              -0.555570233  
                       0             -0.3826834324  
                       0              -0.195090322  
                       0                         0  
                       0               0.195090322  
                       0              0.3826834324  
                       0               0.555570233  
                       0              0.7071067812  
                       0              0.8314696123  
                       0              0.9238795325  
                       0              0.9807852804  
                       0                         1  
             0.195090322                        -1  
             0.195090322             -0.9807852804  
             0.195090322             -0.9238795325  
             0.195090322             -0.8314696123  
             0.195090322             -0.7071067812  
             0.195090322              -0.555570233  
             0.195090322             -0.3826834324  
             0.195090322              -0.195090322  
             0.195090322                         0  
             0.195090322               0.195090322  
             0.195090322              0.3826834324  
             0.195090322               0.555570233  
             0.195090322              0.7071067812  
             0.195090322              0.8314696123  
             0.195090322              0.9238795325  
             0.195090322              0.9807852804  
             0.195090322                         1  
            0.3826834324                        -1  
            0.3826834324             -0.9807852804  
            0.3826834324             -0.9238795325  
            0.3826834324             -0.8314696123  
            0.3826834324             -0.7071067812  
            0.3826834324              -0.555570233  
            0.3826834324             -0.3826834324  
            0.3826834324              -0.195090322  
            0.3826834324                         0  
            0.3826834324               0.195090322  
            0.3826834324              0.3826834324  
            0.3826834324               0.555570233  
            0.3826834324              0.7071067812  
            0.3826834324              0.8314696123  
            0.3826834324              0.9238795325  
            0.3826834324              0.9807852804  
            0.3826834324                         1  
             0.555570233                        -1  
             0.555570233             -0.9807852804  
             0.555570233             -0.9238795325  
             0.555570233             -0.8314696123  
             0.555570233             -0.7071067812  
             0.555570233              -0.555570233  
             0.555570233             -0.3826834324  
             0.555570233              -0.195090322  
             0.555570233                         0  
             0.555570233               0.195090322  
             0.555570233              0.3826834324  
             0.555570233               0.555570233  
             0.555570233              0.7071067812  
             0.555570233              0.8314696123  
             0.555570233              0.9238795325  
             0.555570233              0.9807852804  
             0.555570233                         1  
            0.7071067812                        -1  
            0.7071067812             -0.9807852804  
            0.7071067812             -0.9238795325  
            0.7071067812             -0.8314696123  
            0.7071067812             -0.7071067812  
            0.7071067812              -0.555570233  
            0.7071067812             -0.3826834324  
            0.7071067812              -0.195090322  
            0.7071067812                         0  
            0.7071067812               0.195090322  
            0.7071067812              0.3826834324  
            0.7071067812               0.555570233  
            0.7071067812              0.7071067812  
            0.7071067812              0.8314696123  
            0.7071067812              0.9238795325  
            0.7071067812              0.9807852804  
            0.7071067812                         1  
            0.8314696123                        -1  
            0.8314696123             -0.9807852804  
            0.8314696123             -0.9238795325  
            0.8314696123             -0.8314696123  
            0.8314696123             -0.7071067812  
            0.8314696123              -0.555570233  
            0.8314696123             -0.3826834324  
            0.8314696123              -0.195090322  
            0.8314696123                         0  
            0.8314696123               0.195090322  
            0.8314696123              0.3826834324  
            0.8314696123               0.555570233  
            0.8314696123              0.7071067812  
            0.8314696123              0.8314696123  
            0.8314696123              0.9238795325  
            0.8314696123              0.9807852804  
            0.8314696123                         1  
            0.9238795325                        -1  
            0.9238795325             -0.9807852804  
            0.9238795325             -0.9238795325  
            0.9238795325             -0.8314696123  
            0.9238795325             -0.7071067812  
            0.9238795325              -0.555570233  
            0.9238795325             -0.3826834324  
            0.9238795325              -0.195090322  
            0.9238795325                         0  
            0.9238795325               0.195090322  
            0.9238795325              0.3826834324  
            0.9238795325               0.555570233  
            0.9238795325              0.7071067812  
            0.9238795325              0.8314696123  
            0.9238795325              0.9238795325  
            0.9238795325              0.9807852804  
            0.9238795325                         1  
            0.9807852804                        -1  
            0.9807852804             -0.9807852804  
            0.9807852804             -0.9238795325  
            0.9807852804             -0.8314696123  
            0.9807852804             -0.7071067812  
            0.9807852804              -0.555570233  
            0.9807852804             -0.3826834324  
            0.9807852804              -0.195090322  
            0.9807852804                         0  
            0.9807852804               0.195090322  
            0.9807852804              0.3826834324  
            0.9807852804               0.555570233  
            0.9807852804              0.7071067812  
            0.9807852804              0.8314696123  
            0.9807852804              0.9238795325  
            0.9807852804              0.9807852804  
            0.9807852804                         1  
                       1                        -1  
                       1             -0.9807852804  
                       1             -0.9238795325  
                       1             -0.8314696123  
                       1             -0.7071067812  
                       1              -0.555570233  
                       1             -0.3826834324  
                       1              -0.195090322  
                       1                         0  
                       1               0.195090322  
                       1              0.3826834324  
                       1               0.555570233  
                       1              0.7071067812  
                       1              0.8314696123  
                       1              0.9238795325  
                       1              0.9807852804  
                       1                         1  
