   1.537870028450596e-05  
   0.0001465439315232121  
   0.0002960091410651909  
   0.0004270805954418083  
   0.0005449273232443322  
   0.0006398927966972209  
    0.000711661893841896  
   0.0007549563264800115  
   0.0007702357820593298  
   0.0007549563264800115  
    0.000711661893841896  
   0.0006398927966972209  
   0.0005449273232443322  
   0.0004270805954418083  
   0.0002960091410651909  
   0.0001465439315232121  
   1.537870028450596e-05  
   0.0001465439315232121  
    0.001396419948954728  
    0.002820676812474578  
    0.004069659228379167  
    0.005192622969777192  
    0.006097550797310869  
    0.006781439907761136  
    0.007193993391116841  
    0.007339591617930813  
    0.007193993391116841  
    0.006781439907761136  
    0.006097550797310869  
    0.005192622969777192  
    0.004069659228379167  
    0.002820676812474578  
    0.001396419948954728  
   0.0001465439315232121  
   0.0002960091410651909  
    0.002820676812474578  
    0.005697582368675892  
    0.008220445023543887  
     0.01048875821183808  
     0.01231665313843081  
     0.01369806433754386  
     0.01453139534608332  
      0.0148254942255923  
     0.01453139534608332  
     0.01369806433754386  
     0.01231665313843081  
     0.01048875821183808  
    0.008220445023543887  
    0.005697582368675892  
    0.002820676812474578  
   0.0002960091410651909  
   0.0004270805954418083  
    0.004069659228379167  
    0.008220445023543887  
     0.01186041938711137  
     0.01513313097844644  
     0.01777040917480579  
     0.01976350275071415  
     0.02096582880742458  
     0.02139015328648452  
     0.02096582880742458  
     0.01976350275071415  
     0.01777040917480579  
     0.01513313097844644  
     0.01186041938711137  
    0.008220445023543887  
    0.004069659228379167  
   0.0004270805954418083  
   0.0005449273232443322  
    0.005192622969777192  
     0.01048875821183808  
     0.01513313097844644  
      0.0193089001102002  
     0.02267389717054676  
     0.02521695615961572  
     0.02675104674285178  
     0.02729245743916773  
     0.02675104674285178  
     0.02521695615961572  
     0.02267389717054676  
      0.0193089001102002  
     0.01513313097844644  
     0.01048875821183808  
    0.005192622969777192  
   0.0005449273232443322  
   0.0006398927966972209  
    0.006097550797310869  
     0.01231665313843081  
     0.01777040917480579  
     0.02267389717054676  
     0.02662531837476049  
     0.02961156086851724  
     0.03141300020147145  
     0.03204876352228417  
     0.03141300020147145  
     0.02961156086851724  
     0.02662531837476049  
     0.02267389717054676  
     0.01777040917480579  
     0.01231665313843081  
    0.006097550797310869  
   0.0006398927966972209  
    0.000711661893841896  
    0.006781439907761136  
     0.01369806433754386  
     0.01976350275071415  
     0.02521695615961572  
     0.02961156086851724  
     0.03293273435186816  
     0.03493621951992842  
     0.03564328878412405  
     0.03493621951992842  
     0.03293273435186816  
     0.02961156086851724  
     0.02521695615961572  
     0.01976350275071415  
     0.01369806433754386  
    0.006781439907761136  
    0.000711661893841896  
   0.0007549563264800115  
    0.007193993391116841  
     0.01453139534608332  
     0.02096582880742458  
     0.02675104674285178  
     0.03141300020147145  
     0.03493621951992842  
     0.03706158806322713  
     0.03781167236433017  
     0.03706158806322713  
     0.03493621951992842  
     0.03141300020147145  
     0.02675104674285178  
     0.02096582880742458  
     0.01453139534608332  
    0.007193993391116841  
   0.0007549563264800115  
   0.0007702357820593298  
    0.007339591617930813  
      0.0148254942255923  
     0.02139015328648452  
     0.02729245743916773  
     0.03204876352228417  
     0.03564328878412405  
     0.03781167236433017  
     0.03857693751677183  
     0.03781167236433017  
     0.03564328878412405  
     0.03204876352228417  
     0.02729245743916773  
     0.02139015328648452  
      0.0148254942255923  
    0.007339591617930813  
   0.0007702357820593298  
   0.0007549563264800115  
    0.007193993391116841  
     0.01453139534608332  
     0.02096582880742458  
     0.02675104674285178  
     0.03141300020147145  
     0.03493621951992842  
     0.03706158806322713  
     0.03781167236433017  
     0.03706158806322713  
     0.03493621951992842  
     0.03141300020147145  
     0.02675104674285178  
     0.02096582880742458  
     0.01453139534608332  
    0.007193993391116841  
   0.0007549563264800115  
    0.000711661893841896  
    0.006781439907761136  
     0.01369806433754386  
     0.01976350275071415  
     0.02521695615961572  
     0.02961156086851724  
     0.03293273435186816  
     0.03493621951992842  
     0.03564328878412405  
     0.03493621951992842  
     0.03293273435186816  
     0.02961156086851724  
     0.02521695615961572  
     0.01976350275071415  
     0.01369806433754386  
    0.006781439907761136  
    0.000711661893841896  
   0.0006398927966972209  
    0.006097550797310869  
     0.01231665313843081  
     0.01777040917480579  
     0.02267389717054676  
     0.02662531837476049  
     0.02961156086851724  
     0.03141300020147145  
     0.03204876352228417  
     0.03141300020147145  
     0.02961156086851724  
     0.02662531837476049  
     0.02267389717054676  
     0.01777040917480579  
     0.01231665313843081  
    0.006097550797310869  
   0.0006398927966972209  
   0.0005449273232443322  
    0.005192622969777192  
     0.01048875821183808  
     0.01513313097844644  
      0.0193089001102002  
     0.02267389717054676  
     0.02521695615961572  
     0.02675104674285178  
     0.02729245743916773  
     0.02675104674285178  
     0.02521695615961572  
     0.02267389717054676  
      0.0193089001102002  
     0.01513313097844644  
     0.01048875821183808  
    0.005192622969777192  
   0.0005449273232443322  
   0.0004270805954418083  
    0.004069659228379167  
    0.008220445023543887  
     0.01186041938711137  
     0.01513313097844644  
     0.01777040917480579  
     0.01976350275071415  
     0.02096582880742458  
     0.02139015328648452  
     0.02096582880742458  
     0.01976350275071415  
     0.01777040917480579  
     0.01513313097844644  
     0.01186041938711137  
    0.008220445023543887  
    0.004069659228379167  
   0.0004270805954418083  
   0.0002960091410651909  
    0.002820676812474578  
    0.005697582368675892  
    0.008220445023543887  
     0.01048875821183808  
     0.01231665313843081  
     0.01369806433754386  
     0.01453139534608332  
      0.0148254942255923  
     0.01453139534608332  
     0.01369806433754386  
     0.01231665313843081  
     0.01048875821183808  
    0.008220445023543887  
    0.005697582368675892  
    0.002820676812474578  
   0.0002960091410651909  
   0.0001465439315232121  
    0.001396419948954728  
    0.002820676812474578  
    0.004069659228379167  
    0.005192622969777192  
    0.006097550797310869  
    0.006781439907761136  
    0.007193993391116841  
    0.007339591617930813  
    0.007193993391116841  
    0.006781439907761136  
    0.006097550797310869  
    0.005192622969777192  
    0.004069659228379167  
    0.002820676812474578  
    0.001396419948954728  
   0.0001465439315232121  
   1.537870028450596e-05  
   0.0001465439315232121  
   0.0002960091410651909  
   0.0004270805954418083  
   0.0005449273232443322  
   0.0006398927966972209  
    0.000711661893841896  
   0.0007549563264800115  
   0.0007702357820593298  
   0.0007549563264800115  
    0.000711661893841896  
   0.0006398927966972209  
   0.0005449273232443322  
   0.0004270805954418083  
   0.0002960091410651909  
   0.0001465439315232121  
   1.537870028450596e-05  
