      0.0000000000000000
      0.0000000000000000
      0.0000000000000000
      0.0000000000000000
      0.0000000000000000
      0.0000000000000000
      0.0000000000000000
      0.0000000000000000
      0.0000000000000000
      0.0000000000000000
      0.0000000000000000
      0.0000000000000000
      0.0000000000000000
      0.0000000000000000
      0.0000000000000000
      0.0000000000000000
      0.0000000000000000
      0.0000000000000000
      0.0000000000000000
      0.0000000000000000
   -834.6416985944142652
      0.0000000000000000
      0.0000000000000000
      0.0000000000000000
      0.0000000000000000
      0.0000000000000000
      0.0000000000000000
      0.0000000000000000
      0.0000000000000000
      0.0000000000000000
      0.0000000000000000
      0.0000000000000000
      0.0000000000000000
      0.0000000000000000
      0.0000000000000000
      0.0000000000000000
      0.0000000000000000
      0.0000000000000000
      0.0000000000000000
      0.0000000000000000
      0.0000000000000000
      0.0000000000000000
      0.0000000000000000
      0.0000000000000000
   -834.6416985944142652
      0.0000000000000000
      0.0000000000000000
      0.0000000000000000
      0.0000000000000000
