#  halton_7_1000.txt
#  created by routine HALHAM_WRITE.CC
#  at 23 September 2004 02:13:57 PM
#
#  NDIM =            7
#  N =            1000
#  STEP =            0
#  SEED =            0           0           0           0           0
#                    0           0
#  LEAP =            1           1           1           1           1
#                    1           1
#  BASE =            2           3           4           5           6
#                    7           8
#  EPSILON (unit roundoff) = 2.22045e-16
#
         0           0           0           0           0           0           0  
       0.5    0.333333        0.25         0.2    0.166667    0.142857       0.125  
      0.25    0.666667         0.5         0.4    0.333333    0.285714        0.25  
      0.75    0.111111        0.75         0.6         0.5    0.428571       0.375  
     0.125    0.444444      0.0625         0.8    0.666667    0.571429         0.5  
     0.625    0.777778      0.3125        0.04    0.833333    0.714286       0.625  
     0.375    0.222222      0.5625        0.24   0.0277778    0.857143        0.75  
     0.875    0.555556      0.8125        0.44    0.194444   0.0204082       0.875  
    0.0625    0.888889       0.125        0.64    0.361111    0.163265    0.015625  
    0.5625    0.037037       0.375        0.84    0.527778    0.306122    0.140625  
    0.3125     0.37037       0.625        0.08    0.694444     0.44898    0.265625  
    0.8125    0.703704       0.875        0.28    0.861111    0.591837    0.390625  
    0.1875    0.148148      0.1875        0.48   0.0555556    0.734694    0.515625  
    0.6875    0.481481      0.4375        0.68    0.222222    0.877551    0.640625  
    0.4375    0.814815      0.6875        0.88    0.388889   0.0408163    0.765625  
    0.9375    0.259259      0.9375        0.12    0.555556    0.183673    0.890625  
   0.03125    0.592593    0.015625        0.32    0.722222    0.326531     0.03125  
   0.53125    0.925926    0.265625        0.52    0.888889    0.469388     0.15625  
   0.28125   0.0740741    0.515625        0.72   0.0833333    0.612245     0.28125  
   0.78125    0.407407    0.765625        0.92        0.25    0.755102     0.40625  
   0.15625    0.740741    0.078125        0.16    0.416667    0.897959     0.53125  
   0.65625    0.185185    0.328125        0.36    0.583333   0.0612245     0.65625  
   0.40625    0.518519    0.578125        0.56        0.75    0.204082     0.78125  
   0.90625    0.851852    0.828125        0.76    0.916667    0.346939     0.90625  
   0.09375    0.296296    0.140625        0.96    0.111111    0.489796    0.046875  
   0.59375     0.62963    0.390625       0.008    0.277778    0.632653    0.171875  
   0.34375    0.962963    0.640625       0.208    0.444444     0.77551    0.296875  
   0.84375   0.0123457    0.890625       0.408    0.611111    0.918367    0.421875  
   0.21875    0.345679    0.203125       0.608    0.777778   0.0816327    0.546875  
   0.71875    0.679012    0.453125       0.808    0.944444     0.22449    0.671875  
   0.46875    0.123457    0.703125       0.048    0.138889    0.367347    0.796875  
   0.96875     0.45679    0.953125       0.248    0.305556    0.510204    0.921875  
  0.015625    0.790123     0.03125       0.448    0.472222    0.653061      0.0625  
  0.515625    0.234568     0.28125       0.648    0.638889    0.795918      0.1875  
  0.265625    0.567901     0.53125       0.848    0.805556    0.938776      0.3125  
  0.765625    0.901235     0.78125       0.088    0.972222    0.102041      0.4375  
  0.140625   0.0493827     0.09375       0.288  0.00462963    0.244898      0.5625  
  0.640625    0.382716     0.34375       0.488    0.171296    0.387755      0.6875  
  0.390625    0.716049     0.59375       0.688    0.337963    0.530612      0.8125  
  0.890625    0.160494     0.84375       0.888     0.50463    0.673469      0.9375  
  0.078125    0.493827     0.15625       0.128    0.671296    0.816327    0.078125  
  0.578125     0.82716     0.40625       0.328    0.837963    0.959184    0.203125  
  0.328125    0.271605     0.65625       0.528   0.0324074    0.122449    0.328125  
  0.828125    0.604938     0.90625       0.728    0.199074    0.265306    0.453125  
  0.203125    0.938272     0.21875       0.928    0.365741    0.408163    0.578125  
  0.703125   0.0864198     0.46875       0.168    0.532407     0.55102    0.703125  
  0.453125    0.419753     0.71875       0.368    0.699074    0.693878    0.828125  
  0.953125    0.753086     0.96875       0.568    0.865741    0.836735    0.953125  
  0.046875    0.197531    0.046875       0.768   0.0601852    0.979592     0.09375  
  0.546875    0.530864    0.296875       0.968    0.226852  0.00291545     0.21875  
  0.296875    0.864198    0.546875       0.016    0.393519    0.145773     0.34375  
  0.796875    0.308642    0.796875       0.216    0.560185     0.28863     0.46875  
  0.171875    0.641975    0.109375       0.416    0.726852    0.431487     0.59375  
  0.671875    0.975309    0.359375       0.616    0.893519    0.574344     0.71875  
  0.421875   0.0246914    0.609375       0.816    0.087963    0.717201     0.84375  
  0.921875    0.358025    0.859375       0.056     0.25463    0.860058     0.96875  
  0.109375    0.691358    0.171875       0.256    0.421296   0.0233236    0.109375  
  0.609375    0.135802    0.421875       0.456    0.587963    0.166181    0.234375  
  0.359375    0.469136    0.671875       0.656     0.75463    0.309038    0.359375  
  0.859375    0.802469    0.921875       0.856    0.921296    0.451895    0.484375  
  0.234375    0.246914    0.234375       0.096    0.115741    0.594752    0.609375  
  0.734375    0.580247    0.484375       0.296    0.282407    0.737609    0.734375  
  0.484375     0.91358    0.734375       0.496    0.449074    0.880466    0.859375  
  0.984375   0.0617284    0.984375       0.696    0.615741   0.0437318    0.984375  
 0.0078125    0.395062  0.00390625       0.896    0.782407    0.186589  0.00195312  
  0.507812    0.728395    0.253906       0.136    0.949074    0.329446    0.126953  
  0.257812     0.17284    0.503906       0.336    0.143519    0.472303    0.251953  
  0.757812    0.506173    0.753906       0.536    0.310185     0.61516    0.376953  
  0.132812    0.839506   0.0664062       0.736    0.476852    0.758017    0.501953  
  0.632812    0.283951    0.316406       0.936    0.643519    0.900875    0.626953  
  0.382812    0.617284    0.566406       0.176    0.810185   0.0641399    0.751953  
  0.882812    0.950617    0.816406       0.376    0.976852    0.206997    0.876953  
 0.0703125   0.0987654    0.128906       0.576  0.00925926    0.349854   0.0175781  
  0.570312    0.432099    0.378906       0.776    0.175926    0.492711    0.142578  
  0.320312    0.765432    0.628906       0.976    0.342593    0.635569    0.267578  
  0.820312    0.209877    0.878906       0.024    0.509259    0.778426    0.392578  
  0.195312     0.54321    0.191406       0.224    0.675926    0.921283    0.517578  
  0.695312    0.876543    0.441406       0.424    0.842593   0.0845481    0.642578  
  0.445312    0.320988    0.691406       0.624    0.037037    0.227405    0.767578  
  0.945312    0.654321    0.941406       0.824    0.203704    0.370262    0.892578  
 0.0390625    0.987654   0.0195312       0.064     0.37037     0.51312   0.0332031  
  0.539062  0.00411523    0.269531       0.264    0.537037    0.655977    0.158203  
  0.289062    0.337449    0.519531       0.464    0.703704    0.798834    0.283203  
  0.789062    0.670782    0.769531       0.664     0.87037    0.941691    0.408203  
  0.164062    0.115226   0.0820312       0.864   0.0648148    0.104956    0.533203  
  0.664062     0.44856    0.332031       0.104    0.231481    0.247813    0.658203  
  0.414062    0.781893    0.582031       0.304    0.398148    0.390671    0.783203  
  0.914062    0.226337    0.832031       0.504    0.564815    0.533528    0.908203  
  0.101562    0.559671    0.144531       0.704    0.731481    0.676385   0.0488281  
  0.601562    0.893004    0.394531       0.904    0.898148    0.819242    0.173828  
  0.351562   0.0411523    0.644531       0.144   0.0925926    0.962099    0.298828  
  0.851562    0.374486    0.894531       0.344    0.259259    0.125364    0.423828  
  0.226562    0.707819    0.207031       0.544    0.425926    0.268222    0.548828  
  0.726562    0.152263    0.457031       0.744    0.592593    0.411079    0.673828  
  0.476562    0.485597    0.707031       0.944    0.759259    0.553936    0.798828  
  0.976562     0.81893    0.957031       0.184    0.925926    0.696793    0.923828  
 0.0234375    0.263374   0.0351562       0.384     0.12037     0.83965   0.0644531  
  0.523438    0.596708    0.285156       0.584    0.287037    0.982507    0.189453  
  0.273438    0.930041    0.535156       0.784    0.453704   0.0058309    0.314453  
  0.773438   0.0781893    0.785156       0.984     0.62037    0.148688    0.439453  
  0.148438    0.411523   0.0976562       0.032    0.787037    0.291545    0.564453  
  0.648438    0.744856    0.347656       0.232    0.953704    0.434402    0.689453  
  0.398438      0.1893    0.597656       0.432    0.148148    0.577259    0.814453  
  0.898438    0.522634    0.847656       0.632    0.314815    0.720117    0.939453  
 0.0859375    0.855967    0.160156       0.832    0.481481    0.862974   0.0800781  
  0.585938    0.300412    0.410156       0.072    0.648148   0.0262391    0.205078  
  0.335938    0.633745    0.660156       0.272    0.814815    0.169096    0.330078  
  0.835938    0.967078    0.910156       0.472    0.981481    0.311953    0.455078  
  0.210938   0.0164609    0.222656       0.672   0.0138889     0.45481    0.580078  
  0.710938    0.349794    0.472656       0.872    0.180556    0.597668    0.705078  
  0.460938    0.683128    0.722656       0.112    0.347222    0.740525    0.830078  
  0.960938    0.127572    0.972656       0.312    0.513889    0.883382    0.955078  
 0.0546875    0.460905   0.0507812       0.512    0.680556   0.0466472   0.0957031  
  0.554688    0.794239    0.300781       0.712    0.847222    0.189504    0.220703  
  0.304688    0.238683    0.550781       0.912   0.0416667    0.332362    0.345703  
  0.804688    0.572016    0.800781       0.152    0.208333    0.475219    0.470703  
  0.179688     0.90535    0.113281       0.352       0.375    0.618076    0.595703  
  0.679688   0.0534979    0.363281       0.552    0.541667    0.760933    0.720703  
  0.429688    0.386831    0.613281       0.752    0.708333     0.90379    0.845703  
  0.929688    0.720165    0.863281       0.952       0.875   0.0670554    0.970703  
  0.117188    0.164609    0.175781       0.192   0.0694444    0.209913    0.111328  
  0.617188    0.497942    0.425781       0.392    0.236111     0.35277    0.236328  
  0.367188    0.831276    0.675781       0.592    0.402778    0.495627    0.361328  
  0.867188     0.27572    0.925781       0.792    0.569444    0.638484    0.486328  
  0.242188    0.609053    0.238281       0.992    0.736111    0.781341    0.611328  
  0.742188    0.942387    0.488281      0.0016    0.902778    0.924198    0.736328  
  0.492188    0.090535    0.738281      0.2016   0.0972222   0.0874636    0.861328  
  0.992188    0.423868    0.988281      0.4016    0.263889    0.230321    0.986328  
0.00390625    0.757202   0.0078125      0.6016    0.430556    0.373178  0.00390625  
  0.503906    0.201646    0.257812      0.8016    0.597222    0.516035    0.128906  
  0.253906    0.534979    0.507812      0.0416    0.763889    0.658892    0.253906  
  0.753906    0.868313    0.757812      0.2416    0.930556    0.801749    0.378906  
  0.128906    0.312757   0.0703125      0.4416       0.125    0.944606    0.503906  
  0.628906    0.646091    0.320312      0.6416    0.291667    0.107872    0.628906  
  0.378906    0.979424    0.570312      0.8416    0.458333    0.250729    0.753906  
  0.878906   0.0288066    0.820312      0.0816       0.625    0.393586    0.878906  
 0.0664062     0.36214    0.132812      0.2816    0.791667    0.536443   0.0195312  
  0.566406    0.695473    0.382812      0.4816    0.958333      0.6793    0.144531  
  0.316406    0.139918    0.632812      0.6816    0.152778    0.822157    0.269531  
  0.816406    0.473251    0.882812      0.8816    0.319444    0.965015    0.394531  
  0.191406    0.806584    0.195312      0.1216    0.486111     0.12828    0.519531  
  0.691406    0.251029    0.445312      0.3216    0.652778    0.271137    0.644531  
  0.441406    0.584362    0.695312      0.5216    0.819444    0.413994    0.769531  
  0.941406    0.917695    0.945312      0.7216    0.986111    0.556851    0.894531  
 0.0351562   0.0658436   0.0234375      0.9216   0.0185185    0.699708   0.0351562  
  0.535156    0.399177    0.273438      0.1616    0.185185    0.842566    0.160156  
  0.285156     0.73251    0.523438      0.3616    0.351852    0.985423    0.285156  
  0.785156    0.176955    0.773438      0.5616    0.518519  0.00874636    0.410156  
  0.160156    0.510288   0.0859375      0.7616    0.685185    0.151603    0.535156  
  0.660156    0.843621    0.335938      0.9616    0.851852    0.294461    0.660156  
  0.410156    0.288066    0.585938      0.0096   0.0462963    0.437318    0.785156  
  0.910156    0.621399    0.835938      0.2096    0.212963    0.580175    0.910156  
 0.0976562    0.954733    0.148438      0.4096     0.37963    0.723032   0.0507812  
  0.597656    0.102881    0.398438      0.6096    0.546296    0.865889    0.175781  
  0.347656    0.436214    0.648438      0.8096    0.712963   0.0291545    0.300781  
  0.847656    0.769547    0.898438      0.0496     0.87963    0.172012    0.425781  
  0.222656    0.213992    0.210938      0.2496   0.0740741    0.314869    0.550781  
  0.722656    0.547325    0.460938      0.4496    0.240741    0.457726    0.675781  
  0.472656    0.880658    0.710938      0.6496    0.407407    0.600583    0.800781  
  0.972656    0.325103    0.960938      0.8496    0.574074     0.74344    0.925781  
 0.0195312    0.658436   0.0390625      0.0896    0.740741    0.886297   0.0664062  
  0.519531     0.99177    0.289062      0.2896    0.907407   0.0495627    0.191406  
  0.269531  0.00823045    0.539062      0.4896    0.101852     0.19242    0.316406  
  0.769531    0.341564    0.789062      0.6896    0.268519    0.335277    0.441406  
  0.144531    0.674897    0.101562      0.8896    0.435185    0.478134    0.566406  
  0.644531    0.119342    0.351562      0.1296    0.601852    0.620991    0.691406  
  0.394531    0.452675    0.601562      0.3296    0.768519    0.763848    0.816406  
  0.894531    0.786008    0.851562      0.5296    0.935185    0.906706    0.941406  
 0.0820312    0.230453    0.164062      0.7296     0.12963   0.0699708   0.0820312  
  0.582031    0.563786    0.414062      0.9296    0.296296    0.212828    0.207031  
  0.332031    0.897119    0.664062      0.1696    0.462963    0.355685    0.332031  
  0.832031   0.0452675    0.914062      0.3696     0.62963    0.498542    0.457031  
  0.207031    0.378601    0.226562      0.5696    0.796296    0.641399    0.582031  
  0.707031    0.711934    0.476562      0.7696    0.962963    0.784257    0.707031  
  0.457031    0.156379    0.726562      0.9696    0.157407    0.927114    0.832031  
  0.957031    0.489712    0.976562      0.0176    0.324074    0.090379    0.957031  
 0.0507812    0.823045   0.0546875      0.2176    0.490741    0.233236   0.0976562  
  0.550781     0.26749    0.304688      0.4176    0.657407    0.376093    0.222656  
  0.300781    0.600823    0.554688      0.6176    0.824074     0.51895    0.347656  
  0.800781    0.934156    0.804688      0.8176    0.990741    0.661808    0.472656  
  0.175781   0.0823045    0.117188      0.0576   0.0231481    0.804665    0.597656  
  0.675781    0.415638    0.367188      0.2576    0.189815    0.947522    0.722656  
  0.425781    0.748971    0.617188      0.4576    0.356481    0.110787    0.847656  
  0.925781    0.193416    0.867188      0.6576    0.523148    0.253644    0.972656  
  0.113281    0.526749    0.179688      0.8576    0.689815    0.396501    0.113281  
  0.613281    0.860082    0.429688      0.0976    0.856481    0.539359    0.238281  
  0.363281    0.304527    0.679688      0.2976   0.0509259    0.682216    0.363281  
  0.863281     0.63786    0.929688      0.4976    0.217593    0.825073    0.488281  
  0.238281    0.971193    0.242188      0.6976    0.384259     0.96793    0.613281  
  0.738281   0.0205761    0.492188      0.8976    0.550926    0.131195    0.738281  
  0.488281    0.353909    0.742188      0.1376    0.717593    0.274052    0.863281  
  0.988281    0.687243    0.992188      0.3376    0.884259     0.41691    0.988281  
 0.0117188    0.131687   0.0117188      0.5376   0.0787037    0.559767  0.00585938  
  0.511719    0.465021    0.261719      0.7376     0.24537    0.702624    0.130859  
  0.261719    0.798354    0.511719      0.9376    0.412037    0.845481    0.255859  
  0.761719    0.242798    0.761719      0.1776    0.578704    0.988338    0.380859  
  0.136719    0.576132   0.0742188      0.3776     0.74537   0.0116618    0.505859  
  0.636719    0.909465    0.324219      0.5776    0.912037    0.154519    0.630859  
  0.386719   0.0576132    0.574219      0.7776    0.106481    0.297376    0.755859  
  0.886719    0.390947    0.824219      0.9776    0.273148    0.440233    0.880859  
 0.0742188     0.72428    0.136719      0.0256    0.439815     0.58309   0.0214844  
  0.574219    0.168724    0.386719      0.2256    0.606481    0.725948    0.146484  
  0.324219    0.502058    0.636719      0.4256    0.773148    0.868805    0.271484  
  0.824219    0.835391    0.886719      0.6256    0.939815     0.03207    0.396484  
  0.199219    0.279835    0.199219      0.8256    0.134259    0.174927    0.521484  
  0.699219    0.613169    0.449219      0.0656    0.300926    0.317784    0.646484  
  0.449219    0.946502    0.699219      0.2656    0.467593    0.460641    0.771484  
  0.949219   0.0946502    0.949219      0.4656    0.634259    0.603499    0.896484  
 0.0429688    0.427984   0.0273438      0.6656    0.800926    0.746356   0.0371094  
  0.542969    0.761317    0.277344      0.8656    0.967593    0.889213    0.162109  
  0.292969    0.205761    0.527344      0.1056    0.162037   0.0524781    0.287109  
  0.792969    0.539095    0.777344      0.3056    0.328704    0.195335    0.412109  
  0.167969    0.872428   0.0898438      0.5056     0.49537    0.338192    0.537109  
  0.667969    0.316872    0.339844      0.7056    0.662037     0.48105    0.662109  
  0.417969    0.650206    0.589844      0.9056    0.828704    0.623907    0.787109  
  0.917969    0.983539    0.839844      0.1456     0.99537    0.766764    0.912109  
  0.105469   0.0329218    0.152344      0.3456  0.000771605    0.909621   0.0527344  
  0.605469    0.366255    0.402344      0.5456    0.167438   0.0728863    0.177734  
  0.355469    0.699588    0.652344      0.7456    0.334105    0.215743    0.302734  
  0.855469    0.144033    0.902344      0.9456    0.500772    0.358601    0.427734  
  0.230469    0.477366    0.214844      0.1856    0.667438    0.501458    0.552734  
  0.730469      0.8107    0.464844      0.3856    0.834105    0.644315    0.677734  
  0.480469    0.255144    0.714844      0.5856   0.0285494    0.787172    0.802734  
  0.980469    0.588477    0.964844      0.7856    0.195216    0.930029    0.927734  
 0.0273438    0.921811   0.0429688      0.9856    0.361883   0.0932945   0.0683594  
  0.527344   0.0699588    0.292969      0.0336    0.528549    0.236152    0.193359  
  0.277344    0.403292    0.542969      0.2336    0.695216    0.379009    0.318359  
  0.777344    0.736626    0.792969      0.4336    0.861883    0.521866    0.443359  
  0.152344     0.18107    0.105469      0.6336   0.0563272    0.664723    0.568359  
  0.652344    0.514403    0.355469      0.8336    0.222994     0.80758    0.693359  
  0.402344    0.847737    0.605469      0.0736     0.38966    0.950437    0.818359  
  0.902344    0.292181    0.855469      0.2736    0.556327    0.113703    0.943359  
 0.0898438    0.625514    0.167969      0.4736    0.722994     0.25656   0.0839844  
  0.589844    0.958848    0.417969      0.6736     0.88966    0.399417    0.208984  
  0.339844    0.106996    0.667969      0.8736   0.0841049    0.542274    0.333984  
  0.839844    0.440329    0.917969      0.1136    0.250772    0.685131    0.458984  
  0.214844    0.773663    0.230469      0.3136    0.417438    0.827988    0.583984  
  0.714844    0.218107    0.480469      0.5136    0.584105    0.970845    0.708984  
  0.464844     0.55144    0.730469      0.7136    0.750772    0.134111    0.833984  
  0.964844    0.884774    0.980469      0.9136    0.917438    0.276968    0.958984  
 0.0585938    0.329218   0.0585938      0.1536    0.111883    0.419825   0.0996094  
  0.558594    0.662551    0.308594      0.3536    0.278549    0.562682    0.224609  
  0.308594    0.995885    0.558594      0.5536    0.445216    0.705539    0.349609  
  0.808594  0.00137174    0.808594      0.7536    0.611883    0.848397    0.474609  
  0.183594    0.334705    0.121094      0.9536    0.778549    0.991254    0.599609  
  0.683594    0.668038    0.371094      0.1936    0.945216   0.0145773    0.724609  
  0.433594    0.112483    0.621094      0.3936     0.13966    0.157434    0.849609  
  0.933594    0.445816    0.871094      0.5936    0.306327    0.300292    0.974609  
  0.121094     0.77915    0.183594      0.7936    0.472994    0.443149    0.115234  
  0.621094    0.223594    0.433594      0.9936     0.63966    0.586006    0.240234  
  0.371094    0.556927    0.683594      0.0032    0.806327    0.728863    0.365234  
  0.871094    0.890261    0.933594      0.2032    0.972994     0.87172    0.490234  
  0.246094   0.0384088    0.246094      0.4032  0.00540123   0.0349854    0.615234  
  0.746094    0.371742    0.496094      0.6032    0.172068    0.177843    0.740234  
  0.496094    0.705075    0.746094      0.8032    0.338735      0.3207    0.865234  
  0.996094     0.14952    0.996094      0.0432    0.505401    0.463557    0.990234  
0.00195312    0.482853  0.000976562      0.2432    0.672068    0.606414   0.0078125  
  0.501953    0.816187    0.250977      0.4432    0.838735    0.749271    0.132812  
  0.251953    0.260631    0.500977      0.6432    0.033179    0.892128    0.257812  
  0.751953    0.593964    0.750977      0.8432    0.199846   0.0553936    0.382812  
  0.126953    0.927298   0.0634766      0.0832    0.366512    0.198251    0.507812  
  0.626953   0.0754458    0.313477      0.2832    0.533179    0.341108    0.632812  
  0.376953    0.408779    0.563477      0.4832    0.699846    0.483965    0.757812  
  0.876953    0.742112    0.813477      0.6832    0.866512    0.626822    0.882812  
 0.0644531    0.186557    0.125977      0.8832   0.0609568    0.769679   0.0234375  
  0.564453     0.51989    0.375977      0.1232    0.227623    0.912536    0.148438  
  0.314453    0.853224    0.625977      0.3232     0.39429   0.0758017    0.273438  
  0.814453    0.297668    0.875977      0.5232    0.560957    0.218659    0.398438  
  0.189453    0.631001    0.188477      0.7232    0.727623    0.361516    0.523438  
  0.689453    0.964335    0.438477      0.9232     0.89429    0.504373    0.648438  
  0.439453   0.0137174    0.688477      0.1632   0.0887346     0.64723    0.773438  
  0.939453    0.347051    0.938477      0.3632    0.255401    0.790087    0.898438  
 0.0332031    0.680384   0.0166016      0.5632    0.422068    0.932945   0.0390625  
  0.533203    0.124829    0.266602      0.7632    0.588735   0.0962099    0.164062  
  0.283203    0.458162    0.516602      0.9632    0.755401    0.239067    0.289062  
  0.783203    0.791495    0.766602      0.0112    0.922068    0.381924    0.414062  
  0.158203     0.23594   0.0791016      0.2112    0.116512    0.524781    0.539062  
  0.658203    0.569273    0.329102      0.4112    0.283179    0.667638    0.664062  
  0.408203    0.902606    0.579102      0.6112    0.449846    0.810496    0.789062  
  0.908203   0.0507545    0.829102      0.8112    0.616512    0.953353    0.914062  
 0.0957031    0.384088    0.141602      0.0512    0.783179    0.116618   0.0546875  
  0.595703    0.717421    0.391602      0.2512    0.949846    0.259475    0.179688  
  0.345703    0.161866    0.641602      0.4512     0.14429    0.402332    0.304688  
  0.845703    0.495199    0.891602      0.6512    0.310957     0.54519    0.429688  
  0.220703    0.828532    0.204102      0.8512    0.477623    0.688047    0.554688  
  0.720703    0.272977    0.454102      0.0912     0.64429    0.830904    0.679688  
  0.470703     0.60631    0.704102      0.2912    0.810957    0.973761    0.804688  
  0.970703    0.939643    0.954102      0.4912    0.977623    0.137026    0.929688  
 0.0175781   0.0877915   0.0322266      0.6912   0.0100309    0.279883   0.0703125  
  0.517578    0.421125    0.282227      0.8912    0.176698    0.422741    0.195312  
  0.267578    0.754458    0.532227      0.1312    0.343364    0.565598    0.320312  
  0.767578    0.198903    0.782227      0.3312    0.510031    0.708455    0.445312  
  0.142578    0.532236   0.0947266      0.5312    0.676698    0.851312    0.570312  
  0.642578    0.865569    0.344727      0.7312    0.843364    0.994169    0.695312  
  0.392578    0.310014    0.594727      0.9312   0.0378086   0.0174927    0.820312  
  0.892578    0.643347    0.844727      0.1712    0.204475     0.16035    0.945312  
 0.0800781     0.97668    0.157227      0.3712    0.371142    0.303207   0.0859375  
  0.580078   0.0260631    0.407227      0.5712    0.537809    0.446064    0.210938  
  0.330078    0.359396    0.657227      0.7712    0.704475    0.588921    0.335938  
  0.830078     0.69273    0.907227      0.9712    0.871142    0.731778    0.460938  
  0.205078    0.137174    0.219727      0.0192   0.0655864    0.874636    0.585938  
  0.705078    0.470508    0.469727      0.2192    0.232253   0.0379009    0.710938  
  0.455078    0.803841    0.719727      0.4192     0.39892    0.180758    0.835938  
  0.955078    0.248285    0.969727      0.6192    0.565586    0.323615    0.960938  
 0.0488281    0.581619   0.0478516      0.8192    0.732253    0.466472    0.101562  
  0.548828    0.914952    0.297852      0.0592     0.89892    0.609329    0.226562  
  0.298828   0.0631001    0.547852      0.2592   0.0933642    0.752187    0.351562  
  0.798828    0.396433    0.797852      0.4592    0.260031    0.895044    0.476562  
  0.173828    0.729767    0.110352      0.6592    0.426698    0.058309    0.601562  
  0.673828    0.174211    0.360352      0.8592    0.593364    0.201166    0.726562  
  0.423828    0.507545    0.610352      0.0992    0.760031    0.344023    0.851562  
  0.923828    0.840878    0.860352      0.2992    0.926698     0.48688    0.976562  
  0.111328    0.285322    0.172852      0.4992    0.121142    0.629738    0.117188  
  0.611328    0.618656    0.422852      0.6992    0.287809    0.772595    0.242188  
  0.361328    0.951989    0.672852      0.8992    0.454475    0.915452    0.367188  
  0.861328    0.100137    0.922852      0.1392    0.621142   0.0787172    0.492188  
  0.236328    0.433471    0.235352      0.3392    0.787809    0.221574    0.617188  
  0.736328    0.766804    0.485352      0.5392    0.954475    0.364431    0.742188  
  0.486328    0.211248    0.735352      0.7392     0.14892    0.507289    0.867188  
  0.986328    0.544582    0.985352      0.9392    0.315586    0.650146    0.992188  
0.00976562    0.877915  0.00488281      0.1792    0.482253    0.793003  0.00976562  
  0.509766    0.322359    0.254883      0.3792     0.64892     0.93586    0.134766  
  0.259766    0.655693    0.504883      0.5792    0.815586   0.0991254    0.259766  
  0.759766    0.989026    0.754883      0.7792    0.982253    0.241983    0.384766  
  0.134766  0.00548697   0.0673828      0.9792   0.0146605     0.38484    0.509766  
  0.634766     0.33882    0.317383      0.0272    0.181327    0.527697    0.634766  
  0.384766    0.672154    0.567383      0.2272    0.347994    0.670554    0.759766  
  0.884766    0.116598    0.817383      0.4272     0.51466    0.813411    0.884766  
 0.0722656    0.449931    0.129883      0.6272    0.681327    0.956268   0.0253906  
  0.572266    0.783265    0.379883      0.8272    0.847994    0.119534    0.150391  
  0.322266    0.227709    0.629883      0.0672   0.0424383    0.262391    0.275391  
  0.822266    0.561043    0.879883      0.2672    0.209105    0.405248    0.400391  
  0.197266    0.894376    0.192383      0.4672    0.375772    0.548105    0.525391  
  0.697266    0.042524    0.442383      0.6672    0.542438    0.690962    0.650391  
  0.447266    0.375857    0.692383      0.8672    0.709105    0.833819    0.775391  
  0.947266    0.709191    0.942383      0.1072    0.875772    0.976676    0.900391  
 0.0410156    0.153635   0.0205078      0.3072    0.070216    0.139942   0.0410156  
  0.541016    0.486968    0.270508      0.5072    0.236883    0.282799    0.166016  
  0.291016    0.820302    0.520508      0.7072    0.403549    0.425656    0.291016  
  0.791016    0.264746    0.770508      0.9072    0.570216    0.568513    0.416016  
  0.166016     0.59808   0.0830078      0.1472    0.736883     0.71137    0.541016  
  0.666016    0.931413    0.333008      0.3472    0.903549    0.854227    0.666016  
  0.416016    0.079561    0.583008      0.5472   0.0979938    0.997085    0.791016  
  0.916016    0.412894    0.833008      0.7472     0.26466  0.000416493    0.916016  
  0.103516    0.746228    0.145508      0.9472    0.431327    0.143274   0.0566406  
  0.603516    0.190672    0.395508      0.1872    0.597994    0.286131    0.181641  
  0.353516    0.524005    0.645508      0.3872     0.76466    0.428988    0.306641  
  0.853516    0.857339    0.895508      0.5872    0.931327    0.571845    0.431641  
  0.228516    0.301783    0.208008      0.7872    0.125772    0.714702    0.556641  
  0.728516    0.635117    0.458008      0.9872    0.292438    0.857559    0.681641  
  0.478516     0.96845    0.708008      0.0352    0.459105   0.0208247    0.806641  
  0.978516   0.0178326    0.958008      0.2352    0.625772    0.163682    0.931641  
 0.0253906    0.351166   0.0361328      0.4352    0.792438    0.306539   0.0722656  
  0.525391    0.684499    0.286133      0.6352    0.959105    0.449396    0.197266  
  0.275391    0.128944    0.536133      0.8352    0.153549    0.592253    0.322266  
  0.775391    0.462277    0.786133      0.0752    0.320216     0.73511    0.447266  
  0.150391     0.79561   0.0986328      0.2752    0.486883    0.877968    0.572266  
  0.650391    0.240055    0.348633      0.4752    0.653549   0.0412328    0.697266  
  0.400391    0.573388    0.598633      0.6752    0.820216     0.18409    0.822266  
  0.900391    0.906722    0.848633      0.8752    0.986883    0.326947    0.947266  
 0.0878906   0.0548697    0.161133      0.1152   0.0192901    0.469804   0.0878906  
  0.587891    0.388203    0.411133      0.3152    0.185957    0.612661    0.212891  
  0.337891    0.721536    0.661133      0.5152    0.352623    0.755519    0.337891  
  0.837891    0.165981    0.911133      0.7152     0.51929    0.898376    0.462891  
  0.212891    0.499314    0.223633      0.9152    0.685957    0.061641    0.587891  
  0.712891    0.832647    0.473633      0.1552    0.852623    0.204498    0.712891  
  0.462891    0.277092    0.723633      0.3552   0.0470679    0.347355    0.837891  
  0.962891    0.610425    0.973633      0.5552    0.213735    0.490212    0.962891  
 0.0566406    0.943759   0.0517578      0.7552    0.380401     0.63307    0.103516  
  0.556641   0.0919067    0.301758      0.9552    0.547068    0.775927    0.228516  
  0.306641     0.42524    0.551758      0.1952    0.713735    0.918784    0.353516  
  0.806641    0.758573    0.801758      0.3952    0.880401   0.0820491    0.478516  
  0.181641    0.203018    0.114258      0.5952   0.0748457    0.224906    0.603516  
  0.681641    0.536351    0.364258      0.7952    0.241512    0.367763    0.728516  
  0.431641    0.869684    0.614258      0.9952    0.408179    0.510621    0.853516  
  0.931641    0.314129    0.864258      0.0048    0.574846    0.653478    0.978516  
  0.119141    0.647462    0.176758      0.2048    0.741512    0.796335    0.119141  
  0.619141    0.980796    0.426758      0.4048    0.908179    0.939192    0.244141  
  0.369141   0.0301783    0.676758      0.6048    0.102623    0.102457    0.369141  
  0.869141    0.363512    0.926758      0.8048     0.26929    0.245314    0.494141  
  0.244141    0.696845    0.239258      0.0448    0.435957    0.388172    0.619141  
  0.744141    0.141289    0.489258      0.2448    0.602623    0.531029    0.744141  
  0.494141    0.474623    0.739258      0.4448     0.76929    0.673886    0.869141  
  0.994141    0.807956    0.989258      0.6448    0.935957    0.816743    0.994141  
0.00585938    0.252401  0.00878906      0.8448    0.130401      0.9596   0.0117188  
  0.505859    0.585734    0.258789      0.0848    0.297068    0.122865    0.136719  
  0.255859    0.919067    0.508789      0.2848    0.463735    0.265723    0.261719  
  0.755859   0.0672154    0.758789      0.4848    0.630401     0.40858    0.386719  
  0.130859    0.400549   0.0712891      0.6848    0.797068    0.551437    0.511719  
  0.630859    0.733882    0.321289      0.8848    0.963735    0.694294    0.636719  
  0.380859    0.178326    0.571289      0.1248    0.158179    0.837151    0.761719  
  0.880859     0.51166    0.821289      0.3248    0.324846    0.980008    0.886719  
 0.0683594    0.844993    0.133789      0.5248    0.491512  0.00333195   0.0273438  
  0.568359    0.289438    0.383789      0.7248    0.658179    0.146189    0.152344  
  0.318359    0.622771    0.633789      0.9248    0.824846    0.289046    0.277344  
  0.818359    0.956104    0.883789      0.1648    0.991512    0.431903    0.402344  
  0.193359    0.104252    0.196289      0.3648   0.0239198    0.574761    0.527344  
  0.693359    0.437586    0.446289      0.5648    0.190586    0.717618    0.652344  
  0.443359    0.770919    0.696289      0.7648    0.357253    0.860475    0.777344  
  0.943359    0.215364    0.946289      0.9648     0.52392   0.0237401    0.902344  
 0.0371094    0.548697   0.0244141      0.0128    0.690586    0.166597   0.0429688  
  0.537109     0.88203    0.274414      0.2128    0.857253    0.309454    0.167969  
  0.287109    0.326475    0.524414      0.4128   0.0516975    0.452312    0.292969  
  0.787109    0.659808    0.774414      0.6128    0.218364    0.595169    0.417969  
  0.162109    0.993141   0.0869141      0.8128    0.385031    0.738026    0.542969  
  0.662109  0.00960219    0.336914      0.0528    0.551698    0.880883    0.667969  
  0.412109    0.342936    0.586914      0.2528    0.718364   0.0441483    0.792969  
  0.912109    0.676269    0.836914      0.4528    0.885031    0.187005    0.917969  
 0.0996094    0.120713    0.149414      0.6528   0.0794753    0.329863   0.0585938  
  0.599609    0.454047    0.399414      0.8528    0.246142     0.47272    0.183594  
  0.349609     0.78738    0.649414      0.0928    0.412809    0.615577    0.308594  
  0.849609    0.231824    0.899414      0.2928    0.579475    0.758434    0.433594  
  0.224609    0.565158    0.211914      0.4928    0.746142    0.901291    0.558594  
  0.724609    0.898491    0.461914      0.6928    0.912809   0.0645564    0.683594  
  0.474609   0.0466392    0.711914      0.8928    0.107253    0.207414    0.808594  
  0.974609    0.379973    0.961914      0.1328     0.27392    0.350271    0.933594  
 0.0214844    0.713306   0.0400391      0.3328    0.440586    0.493128   0.0742188  
  0.521484     0.15775    0.290039      0.5328    0.607253    0.635985    0.199219  
  0.271484    0.491084    0.540039      0.7328     0.77392    0.778842    0.324219  
  0.771484    0.824417    0.790039      0.9328    0.940586    0.921699    0.449219  
  0.146484    0.268861    0.102539      0.1728    0.135031   0.0849646    0.574219  
  0.646484    0.602195    0.352539      0.3728    0.301698    0.227822    0.699219  
  0.396484    0.935528    0.602539      0.5728    0.468364    0.370679    0.824219  
  0.896484   0.0836763    0.852539      0.7728    0.635031    0.513536    0.949219  
 0.0839844     0.41701    0.165039      0.9728    0.801698    0.656393   0.0898438  
  0.583984    0.750343    0.415039      0.0208    0.968364     0.79925    0.214844  
  0.333984    0.194787    0.665039      0.2208    0.162809    0.942107    0.339844  
  0.833984    0.528121    0.915039      0.4208    0.329475    0.105373    0.464844  
  0.208984    0.861454    0.227539      0.6208    0.496142     0.24823    0.589844  
  0.708984    0.305898    0.477539      0.8208    0.662809    0.391087    0.714844  
  0.458984    0.639232    0.727539      0.0608    0.829475    0.533944    0.839844  
  0.958984    0.972565    0.977539      0.2608    0.996142    0.676801    0.964844  
 0.0527344   0.0219479   0.0556641      0.4608  0.00154321    0.819658    0.105469  
  0.552734    0.355281    0.305664      0.6608     0.16821    0.962516    0.230469  
  0.302734    0.688615    0.555664      0.8608    0.334877    0.125781    0.355469  
  0.802734    0.133059    0.805664      0.1008    0.501543    0.268638    0.480469  
  0.177734    0.466392    0.118164      0.3008     0.66821    0.411495    0.605469  
  0.677734    0.799726    0.368164      0.5008    0.834877    0.554352    0.730469  
  0.427734     0.24417    0.618164      0.7008    0.029321    0.697209    0.855469  
  0.927734    0.577503    0.868164      0.9008    0.195988    0.840067    0.980469  
  0.115234    0.910837    0.180664      0.1408    0.362654    0.982924    0.121094  
  0.615234   0.0589849    0.430664      0.3408    0.529321   0.0062474    0.246094  
  0.365234    0.392318    0.680664      0.5408    0.695988    0.149105    0.371094  
  0.865234    0.725652    0.930664      0.7408    0.862654    0.291962    0.496094  
  0.240234    0.170096    0.243164      0.9408   0.0570988    0.434819    0.621094  
  0.740234    0.503429    0.493164      0.1808    0.223765    0.577676    0.746094  
  0.490234    0.836763    0.743164      0.3808    0.390432    0.720533    0.871094  
  0.990234    0.281207    0.993164      0.5808    0.557099     0.86339    0.996094  
 0.0136719     0.61454   0.0126953      0.7808    0.723765   0.0266556   0.0136719  
  0.513672    0.947874    0.262695      0.9808    0.890432    0.169513    0.138672  
  0.263672   0.0960219    0.512695      0.0288   0.0848765     0.31237    0.263672  
  0.763672    0.429355    0.762695      0.2288    0.251543    0.455227    0.388672  
  0.138672    0.762689   0.0751953      0.4288     0.41821    0.598084    0.513672  
  0.638672    0.207133    0.325195      0.6288    0.584877    0.740941    0.638672  
  0.388672    0.540466    0.575195      0.8288    0.751543    0.883798    0.763672  
  0.888672      0.8738    0.825195      0.0688     0.91821   0.0470637    0.888672  
 0.0761719    0.318244    0.137695      0.2688    0.112654    0.189921   0.0292969  
  0.576172    0.651578    0.387695      0.4688    0.279321    0.332778    0.154297  
  0.326172    0.984911    0.637695      0.6688    0.445988    0.475635    0.279297  
  0.826172   0.0342936    0.887695      0.8688    0.612654    0.618492    0.404297  
  0.201172    0.367627    0.200195      0.1088    0.779321    0.761349    0.529297  
  0.701172     0.70096    0.450195      0.3088    0.945988    0.904207    0.654297  
  0.451172    0.145405    0.700195      0.5088    0.140432   0.0674719    0.779297  
  0.951172    0.478738    0.950195      0.7088    0.307099    0.210329    0.904297  
 0.0449219    0.812071   0.0283203      0.9088    0.473765    0.353186   0.0449219  
  0.544922    0.256516     0.27832      0.1488    0.640432    0.496043    0.169922  
  0.294922    0.589849     0.52832      0.3488    0.807099      0.6389    0.294922  
  0.794922    0.923182     0.77832      0.5488    0.973765    0.781758    0.419922  
  0.169922   0.0713306   0.0908203      0.7488  0.00617284    0.924615    0.544922  
  0.669922    0.404664     0.34082      0.9488     0.17284     0.08788    0.669922  
  0.419922    0.737997     0.59082      0.1888    0.339506    0.230737    0.794922  
  0.919922    0.182442     0.84082      0.3888    0.506173    0.373594    0.919922  
  0.107422    0.515775     0.15332      0.5888     0.67284    0.516451   0.0605469  
  0.607422    0.849108     0.40332      0.7888    0.839506    0.659309    0.185547  
  0.357422    0.293553     0.65332      0.9888   0.0339506    0.802166    0.310547  
  0.857422    0.626886     0.90332      0.0368    0.200617    0.945023    0.435547  
  0.232422    0.960219     0.21582      0.2368    0.367284    0.108288    0.560547  
  0.732422    0.108368     0.46582      0.4368    0.533951    0.251145    0.685547  
  0.482422    0.441701     0.71582      0.6368    0.700617    0.394002    0.810547  
  0.982422    0.775034     0.96582      0.8368    0.867284     0.53686    0.935547  
 0.0292969    0.219479   0.0439453      0.0768   0.0617284    0.679717   0.0761719  
  0.529297    0.552812    0.293945      0.2768    0.228395    0.822574    0.201172  
  0.279297    0.886145    0.543945      0.4768    0.395062    0.965431    0.326172  
  0.779297     0.33059    0.793945      0.6768    0.561728    0.128696    0.451172  
  0.154297    0.663923    0.106445      0.8768    0.728395    0.271554    0.576172  
  0.654297    0.997257    0.356445      0.1168    0.895062    0.414411    0.701172  
  0.404297  0.00274348    0.606445      0.3168   0.0895062    0.557268    0.826172  
  0.904297    0.336077    0.856445      0.5168    0.256173    0.700125    0.951172  
 0.0917969     0.66941    0.168945      0.7168     0.42284    0.842982   0.0917969  
  0.591797    0.113855    0.418945      0.9168    0.589506    0.985839    0.216797  
  0.341797    0.447188    0.668945      0.1568    0.756173  0.00916285    0.341797  
  0.841797    0.780521    0.918945      0.3568     0.92284     0.15202    0.466797  
  0.216797    0.224966    0.231445      0.5568    0.117284    0.294877    0.591797  
  0.716797    0.558299    0.481445      0.7568    0.283951    0.437734    0.716797  
  0.466797    0.891632    0.731445      0.9568    0.450617    0.580591    0.841797  
  0.966797   0.0397805    0.981445      0.1968    0.617284    0.723449    0.966797  
 0.0605469    0.373114   0.0595703      0.3968    0.783951    0.866306    0.107422  
  0.560547    0.706447     0.30957      0.5968    0.950617    0.029571    0.232422  
  0.310547    0.150892     0.55957      0.7968    0.145062    0.172428    0.357422  
  0.810547    0.484225     0.80957      0.9968    0.311728    0.315285    0.482422  
  0.185547    0.817558     0.12207      0.0064    0.478395    0.458142    0.607422  
  0.685547    0.262003     0.37207      0.2064    0.645062       0.601    0.732422  
  0.435547    0.595336     0.62207      0.4064    0.811728    0.743857    0.857422  
  0.935547    0.928669     0.87207      0.6064    0.978395    0.886714    0.982422  
  0.123047   0.0768176     0.18457      0.8064   0.0108025   0.0499792    0.123047  
  0.623047    0.410151     0.43457      0.0464    0.177469    0.192836    0.248047  
  0.373047    0.743484     0.68457      0.2464    0.344136    0.335693    0.373047  
  0.873047    0.187929     0.93457      0.4464    0.510802    0.478551    0.498047  
  0.248047    0.521262     0.24707      0.6464    0.677469    0.621408    0.623047  
  0.748047    0.854595     0.49707      0.8464    0.844136    0.764265    0.748047  
  0.498047     0.29904     0.74707      0.0864   0.0385802    0.907122    0.873047  
  0.998047    0.632373     0.99707      0.2864    0.205247   0.0703873    0.998047  
0.000976562    0.965706  0.00195312      0.4864    0.371914    0.213244  0.000244141  
  0.500977   0.0150892    0.251953      0.6864     0.53858    0.356102    0.125244  
  0.250977    0.348422    0.501953      0.8864    0.705247    0.498959    0.250244  
  0.750977    0.681756    0.751953      0.1264    0.871914    0.641816    0.375244  
  0.125977      0.1262   0.0644531      0.3264    0.066358    0.784673    0.500244  
  0.625977    0.459534    0.314453      0.5264    0.233025     0.92753    0.625244  
  0.375977    0.792867    0.564453      0.7264    0.399691   0.0907955    0.750244  
  0.875977    0.237311    0.814453      0.9264    0.566358    0.233653    0.875244  
 0.0634766    0.570645    0.126953      0.1664    0.733025     0.37651   0.0158691  
  0.563477    0.903978    0.376953      0.3664    0.899691    0.519367    0.140869  
  0.313477   0.0521262    0.626953      0.5664   0.0941358    0.662224    0.265869  
  0.813477     0.38546    0.876953      0.7664    0.260802    0.805081    0.390869  
  0.188477    0.718793    0.189453      0.9664    0.427469    0.947938    0.515869  
  0.688477    0.163237    0.439453      0.0144    0.594136    0.111204    0.640869  
  0.438477    0.496571    0.689453      0.2144    0.760802    0.254061    0.765869  
  0.938477    0.829904    0.939453      0.4144    0.927469    0.396918    0.890869  
 0.0322266    0.274348   0.0175781      0.6144    0.121914    0.539775   0.0314941  
  0.532227    0.607682    0.267578      0.8144     0.28858    0.682632    0.156494  
  0.282227    0.941015    0.517578      0.0544    0.455247    0.825489    0.281494  
  0.782227   0.0891632    0.767578      0.2544    0.621914    0.968347    0.406494  
  0.157227    0.422497   0.0800781      0.4544     0.78858    0.131612    0.531494  
  0.657227     0.75583    0.330078      0.6544    0.955247    0.274469    0.656494  
  0.407227    0.200274    0.580078      0.8544    0.149691    0.417326    0.781494  
  0.907227    0.533608    0.830078      0.0944    0.316358    0.560183    0.906494  
 0.0947266    0.866941    0.142578      0.2944    0.483025     0.70304   0.0471191  
  0.594727    0.311385    0.392578      0.4944    0.649691    0.845898    0.172119  
  0.344727    0.644719    0.642578      0.6944    0.816358    0.988755    0.297119  
  0.844727    0.978052    0.892578      0.8944    0.983025   0.0120783    0.422119  
  0.219727   0.0274348    0.205078      0.1344   0.0154321    0.154935    0.547119  
  0.719727    0.360768    0.455078      0.3344    0.182099    0.297793    0.672119  
  0.469727    0.694102    0.705078      0.5344    0.348765     0.44065    0.797119  
  0.969727    0.138546    0.955078      0.7344    0.515432    0.583507    0.922119  
 0.0166016    0.471879   0.0332031      0.9344    0.682099    0.726364   0.0627441  
  0.516602    0.805213    0.283203      0.1744    0.848765    0.869221    0.187744  
  0.266602    0.249657    0.533203      0.3744   0.0432099   0.0324865    0.312744  
  0.766602     0.58299    0.783203      0.5744    0.209877    0.175344    0.437744  
  0.141602    0.916324   0.0957031      0.7744    0.376543    0.318201    0.562744  
  0.641602   0.0644719    0.345703      0.9744     0.54321    0.461058    0.687744  
  0.391602    0.397805    0.595703      0.0224    0.709877    0.603915    0.812744  
  0.891602    0.731139    0.845703      0.2224    0.876543    0.746772    0.937744  
 0.0791016    0.175583    0.158203      0.4224   0.0709877    0.889629   0.0783691  
  0.579102    0.508916    0.408203      0.6224    0.237654   0.0528946    0.203369  
  0.329102     0.84225    0.658203      0.8224    0.404321    0.195752    0.328369  
  0.829102    0.286694    0.908203      0.0624    0.570988    0.338609    0.453369  
  0.204102    0.620027    0.220703      0.2624    0.737654    0.481466    0.578369  
  0.704102    0.953361    0.470703      0.4624    0.904321    0.624323    0.703369  
  0.454102    0.101509    0.720703      0.6624   0.0987654     0.76718    0.828369  
  0.954102    0.434842    0.970703      0.8624    0.265432    0.910037    0.953369  
 0.0478516    0.768176   0.0488281      0.1024    0.432099   0.0733028   0.0939941  
  0.547852     0.21262    0.298828      0.3024    0.598765     0.21616    0.218994  
  0.297852    0.545953    0.548828      0.5024    0.765432    0.359017    0.343994  
  0.797852    0.879287    0.798828      0.7024    0.932099    0.501874    0.468994  
  0.172852    0.323731    0.111328      0.9024    0.126543    0.644731    0.593994  
  0.672852    0.657064    0.361328      0.1424     0.29321    0.787589    0.718994  
  0.422852    0.990398    0.611328      0.3424    0.459877    0.930446    0.843994  
  0.922852  0.00685871    0.861328      0.5424    0.626543    0.093711    0.968994  
  0.110352    0.340192    0.173828      0.7424     0.79321    0.236568    0.109619  
  0.610352    0.673525    0.423828      0.9424    0.959877    0.379425    0.234619  
  0.360352     0.11797    0.673828      0.1824    0.154321    0.522282    0.359619  
  0.860352    0.451303    0.923828      0.3824    0.320988     0.66514    0.484619  
  0.235352    0.784636    0.236328      0.5824    0.487654    0.807997    0.609619  
  0.735352    0.229081    0.486328      0.7824    0.654321    0.950854    0.734619  
  0.485352    0.562414    0.736328      0.9824    0.820988    0.114119    0.859619  
  0.985352    0.895748    0.986328      0.0304    0.987654    0.256976    0.984619  
0.00878906   0.0438957  0.00585938      0.2304   0.0200617    0.399833  0.00219727  
  0.508789    0.377229    0.255859      0.4304    0.186728    0.542691    0.127197  
  0.258789    0.710562    0.505859      0.6304    0.353395    0.685548    0.252197  
  0.758789    0.155007    0.755859      0.8304    0.520062    0.828405    0.377197  
  0.133789     0.48834   0.0683594      0.0704    0.686728    0.971262    0.502197  
  0.633789    0.821674    0.318359      0.2704    0.853395    0.134527    0.627197  
  0.383789    0.266118    0.568359      0.4704   0.0478395    0.277384    0.752197  
  0.883789    0.599451    0.818359      0.6704    0.214506    0.420242    0.877197  
 0.0712891    0.932785    0.130859      0.8704    0.381173    0.563099   0.0178223  
  0.571289   0.0809328    0.380859      0.1104     0.54784    0.705956    0.142822  
  0.321289    0.414266    0.630859      0.3104    0.714506    0.848813    0.267822  
  0.821289    0.747599    0.880859      0.5104    0.881173     0.99167    0.392822  
  0.196289    0.192044    0.193359      0.7104   0.0756173   0.0149938    0.517822  
  0.696289    0.525377    0.443359      0.9104    0.242284    0.157851    0.642822  
  0.446289    0.858711    0.693359      0.1504    0.408951    0.300708    0.767822  
  0.946289    0.303155    0.943359      0.3504    0.575617    0.443565    0.892822  
 0.0400391    0.636488   0.0214844      0.5504    0.742284    0.586422   0.0334473  
  0.540039    0.969822    0.271484      0.7504    0.908951    0.729279    0.158447  
  0.290039   0.0192044    0.521484      0.9504    0.103395    0.872137    0.283447  
  0.790039    0.352538    0.771484      0.1904    0.270062   0.0354019    0.408447  
  0.165039    0.685871   0.0839844      0.3904    0.436728    0.178259    0.533447  
  0.665039    0.130316    0.333984      0.5904    0.603395    0.321116    0.658447  
  0.415039    0.463649    0.583984      0.7904    0.770062    0.463973    0.783447  
  0.915039    0.796982    0.833984      0.9904    0.936728     0.60683    0.908447  
  0.102539    0.241427    0.146484      0.0384    0.131173    0.749688   0.0490723  
  0.602539     0.57476    0.396484      0.2384     0.29784    0.892545    0.174072  
  0.352539    0.908093    0.646484      0.4384    0.464506   0.0558101    0.299072  
  0.852539   0.0562414    0.896484      0.6384    0.631173    0.198667    0.424072  
  0.227539    0.389575    0.208984      0.8384     0.79784    0.341524    0.549072  
  0.727539    0.722908    0.458984      0.0784    0.964506    0.484382    0.674072  
  0.477539    0.167353    0.708984      0.2784    0.158951    0.627239    0.799072  
  0.977539    0.500686    0.958984      0.4784    0.325617    0.770096    0.924072  
 0.0244141    0.834019   0.0371094      0.6784    0.492284    0.912953   0.0646973  
  0.524414    0.278464    0.287109      0.8784    0.658951   0.0762182    0.189697  
  0.274414    0.611797    0.537109      0.1184    0.825617    0.219075    0.314697  
  0.774414     0.94513    0.787109      0.3184    0.992284    0.361933    0.439697  
  0.149414   0.0932785   0.0996094      0.5184   0.0246914     0.50479    0.564697  
  0.649414    0.426612    0.349609      0.7184    0.191358    0.647647    0.689697  
  0.399414    0.759945    0.599609      0.9184    0.358025    0.790504    0.814697  
  0.899414     0.20439    0.849609      0.1584    0.524691    0.933361    0.939697  
 0.0869141    0.537723    0.162109      0.3584    0.691358   0.0966264   0.0803223  
  0.586914    0.871056    0.412109      0.5584    0.858025    0.239484    0.205322  
  0.336914    0.315501    0.662109      0.7584   0.0524691    0.382341    0.330322  
  0.836914    0.648834    0.912109      0.9584    0.219136    0.525198    0.455322  
  0.211914    0.982167    0.224609      0.1984    0.385802    0.668055    0.580322  
  0.711914   0.0315501    0.474609      0.3984    0.552469    0.810912    0.705322  
  0.461914    0.364883    0.724609      0.5984    0.719136    0.953769    0.830322  
  0.961914    0.698217    0.974609      0.7984    0.885802    0.117035    0.955322  
 0.0556641    0.142661   0.0527344      0.9984   0.0802469    0.259892   0.0959473  
  0.555664    0.475995    0.302734     0.00032    0.246914    0.402749    0.220947  
  0.305664    0.809328    0.552734     0.20032     0.41358    0.545606    0.345947  
  0.805664    0.253772    0.802734     0.40032    0.580247    0.688463    0.470947  
  0.180664    0.587106    0.115234     0.60032    0.746914     0.83132    0.595947  
  0.680664    0.920439    0.365234     0.80032     0.91358    0.974177    0.720947  
  0.430664   0.0685871    0.615234     0.04032    0.108025    0.137443    0.845947  
  0.930664     0.40192    0.865234     0.24032    0.274691      0.2803    0.970947  
  0.118164    0.735254    0.177734     0.44032    0.441358    0.423157    0.111572  
  0.618164    0.179698    0.427734     0.64032    0.608025    0.566014    0.236572  
  0.368164    0.513032    0.677734     0.84032    0.774691    0.708871    0.361572  
  0.868164    0.846365    0.927734     0.08032    0.941358    0.851728    0.486572  
  0.243164    0.290809    0.240234     0.28032    0.135802    0.994586    0.611572  
  0.743164    0.624143    0.490234     0.48032    0.302469   0.0179092    0.736572  
  0.493164    0.957476    0.740234     0.68032    0.469136    0.160766    0.861572  
  0.993164    0.105624    0.990234     0.88032    0.635802    0.303623    0.986572  
0.00488281    0.438957  0.00976562     0.12032    0.802469    0.446481  0.00415039  
  0.504883    0.772291    0.259766     0.32032    0.969136    0.589338     0.12915  
  0.254883    0.216735    0.509766     0.52032     0.16358    0.732195     0.25415  
  0.754883    0.550069    0.759766     0.72032    0.330247    0.875052     0.37915  
  0.129883    0.883402   0.0722656     0.92032    0.496914   0.0383174     0.50415  
  0.629883    0.327846    0.322266     0.16032     0.66358    0.181175     0.62915  
  0.379883     0.66118    0.572266     0.36032    0.830247    0.324032     0.75415  
  0.879883    0.994513    0.822266     0.56032    0.996914    0.466889     0.87915  
 0.0673828   0.0109739    0.134766     0.76032  0.00231481    0.609746   0.0197754  
  0.567383    0.344307    0.384766     0.96032    0.168981    0.752603    0.144775  
  0.317383    0.677641    0.634766     0.00832    0.335648     0.89546    0.269775  
  0.817383    0.122085    0.884766     0.20832    0.502315   0.0587255    0.394775  
  0.192383    0.455418    0.197266     0.40832    0.668981    0.201583    0.519775  
  0.692383    0.788752    0.447266     0.60832    0.835648     0.34444    0.644775  
  0.442383    0.233196    0.697266     0.80832   0.0300926    0.487297    0.769775  
  0.942383    0.566529    0.947266     0.04832    0.196759    0.630154    0.894775  
 0.0361328    0.899863   0.0253906     0.24832    0.363426    0.773011   0.0354004  
  0.536133    0.048011    0.275391     0.44832    0.530093    0.915868      0.1604  
  0.286133    0.381344    0.525391     0.64832    0.696759   0.0791337      0.2854  
  0.786133    0.714678    0.775391     0.84832    0.863426    0.221991      0.4104  
  0.161133    0.159122   0.0878906     0.08832   0.0578704    0.364848      0.5354  
  0.661133    0.492455    0.337891     0.28832    0.224537    0.507705      0.6604  
  0.411133    0.825789    0.587891     0.48832    0.391204    0.650562      0.7854  
  0.911133    0.270233    0.837891     0.68832     0.55787    0.793419      0.9104  
 0.0986328    0.603567    0.150391     0.88832    0.724537    0.936277   0.0510254  
  0.598633      0.9369    0.400391     0.12832    0.891204   0.0995419    0.176025  
  0.348633    0.085048    0.650391     0.32832   0.0856481    0.242399    0.301025  
  0.848633    0.418381    0.900391     0.52832    0.252315    0.385256    0.426025  
  0.223633    0.751715    0.212891     0.72832    0.418981    0.528113    0.551025  
  0.723633    0.196159    0.462891     0.92832    0.585648     0.67097    0.676025  
  0.473633    0.529492    0.712891     0.16832    0.752315    0.813828    0.801025  
  0.973633    0.862826    0.962891     0.36832    0.918981    0.956685    0.926025  
 0.0205078     0.30727   0.0410156     0.56832    0.113426     0.11995   0.0666504  
  0.520508    0.640604    0.291016     0.76832    0.280093    0.262807     0.19165  
  0.270508    0.973937    0.541016     0.96832    0.446759    0.405664     0.31665  
  0.770508   0.0233196    0.791016     0.01632    0.613426    0.548521     0.44165  
  0.145508    0.356653    0.103516     0.21632    0.780093    0.691379     0.56665  
  0.645508    0.689986    0.353516     0.41632    0.946759    0.834236     0.69165  
  0.395508    0.134431    0.603516     0.61632    0.141204    0.977093     0.81665  
  0.895508    0.467764    0.853516     0.81632     0.30787    0.140358     0.94165  
 0.0830078    0.801097    0.166016     0.05632    0.474537    0.283215   0.0822754  
  0.583008    0.245542    0.416016     0.25632    0.641204    0.426072    0.207275  
  0.333008    0.578875    0.666016     0.45632     0.80787     0.56893    0.332275  
  0.833008    0.912209    0.916016     0.65632    0.974537    0.711787    0.457275  
  0.208008   0.0603567    0.228516     0.85632  0.00694444    0.854644    0.582275  
  0.708008     0.39369    0.478516     0.09632    0.173611    0.997501    0.707275  
  0.458008    0.727023    0.728516     0.29632    0.340278  0.000832986    0.832275  
  0.958008    0.171468    0.978516     0.49632    0.506944     0.14369    0.957275  
 0.0517578    0.504801   0.0566406     0.69632    0.673611    0.286547   0.0979004  
  0.551758    0.838134    0.306641     0.89632    0.840278    0.429404      0.2229  
  0.301758    0.282579    0.556641     0.13632   0.0347222    0.572262      0.3479  
  0.801758    0.615912    0.806641     0.33632    0.201389    0.715119      0.4729  
  0.176758    0.949246    0.119141     0.53632    0.368056    0.857976      0.5979  
  0.676758   0.0973937    0.369141     0.73632    0.534722   0.0212411      0.7229  
  0.426758    0.430727    0.619141     0.93632    0.701389    0.164098      0.8479  
  0.926758     0.76406    0.869141     0.17632    0.868056    0.306955      0.9729  
  0.114258    0.208505    0.181641     0.37632      0.0625    0.449813    0.113525  
  0.614258    0.541838    0.431641     0.57632    0.229167     0.59267    0.238525  
  0.364258    0.875171    0.681641     0.77632    0.395833    0.735527    0.363525  
  0.864258    0.319616    0.931641     0.97632      0.5625    0.878384    0.488525  
  0.239258    0.652949    0.244141     0.02432    0.729167   0.0416493    0.613525  
  0.739258    0.986283    0.494141     0.22432    0.895833    0.184506    0.738525  
  0.489258   0.0356653    0.744141     0.42432   0.0902778    0.327364    0.863525  
  0.989258    0.368999    0.994141     0.62432    0.256944    0.470221    0.988525  
 0.0126953    0.702332   0.0136719     0.82432    0.423611    0.613078  0.00610352  
  0.512695    0.146776    0.263672     0.06432    0.590278    0.755935    0.131104  
  0.262695     0.48011    0.513672     0.26432    0.756944    0.898792    0.256104  
  0.762695    0.813443    0.763672     0.46432    0.923611   0.0620575    0.381104  
  0.137695    0.257888   0.0761719     0.66432    0.118056    0.204915    0.506104  
  0.637695    0.591221    0.326172     0.86432    0.284722    0.347772    0.631104  
  0.387695    0.924554    0.576172     0.10432    0.451389    0.490629    0.756104  
  0.887695   0.0727023    0.826172     0.30432    0.618056    0.633486    0.881104  
 0.0751953    0.406036    0.138672     0.50432    0.784722    0.776343   0.0217285  
  0.575195    0.739369    0.388672     0.70432    0.951389      0.9192    0.146729  
  0.325195    0.183813    0.638672     0.90432    0.145833   0.0824656    0.271729  
  0.825195    0.517147    0.888672     0.14432      0.3125    0.225323    0.396729  
  0.200195     0.85048    0.201172     0.34432    0.479167     0.36818    0.521729  
  0.700195    0.294925    0.451172     0.54432    0.645833    0.511037    0.646729  
  0.450195    0.628258    0.701172     0.74432      0.8125    0.653894    0.771729  
  0.950195    0.961591    0.951172     0.94432    0.979167    0.796751    0.896729  
 0.0439453    0.109739   0.0292969     0.18432   0.0115741    0.939608   0.0373535  
  0.543945    0.443073    0.279297     0.38432    0.178241    0.102874    0.162354  
  0.293945    0.776406    0.529297     0.58432    0.344907    0.245731    0.287354  
  0.793945     0.22085    0.779297     0.78432    0.511574    0.388588    0.412354  
  0.168945    0.554184   0.0917969     0.98432    0.678241    0.531445    0.537354  
  0.668945    0.887517    0.341797     0.03232    0.844907    0.674302    0.662354  
  0.418945    0.331962    0.591797     0.23232   0.0393519     0.81716    0.787354  
  0.918945    0.665295    0.841797     0.43232    0.206019    0.960017    0.912354  
  0.106445    0.998628    0.154297     0.63232    0.372685    0.123282   0.0529785  
  0.606445  0.000457247    0.404297     0.83232    0.539352    0.266139    0.177979  
  0.356445    0.333791    0.654297     0.07232    0.706019    0.408996    0.302979  
  0.856445    0.667124    0.904297     0.27232    0.872685    0.551853    0.427979  
  0.231445    0.111568    0.216797     0.47232   0.0671296    0.694711    0.552979  
  0.731445    0.444902    0.466797     0.67232    0.233796    0.837568    0.677979  
  0.481445    0.778235    0.716797     0.87232    0.400463    0.980425    0.802979  
  0.981445    0.222679    0.966797     0.11232     0.56713  0.00374844    0.927979  
 0.0283203    0.556013   0.0449219     0.31232    0.733796    0.146606   0.0686035  
   0.52832    0.889346    0.294922     0.51232    0.900463    0.289463    0.193604  
   0.27832   0.0374943    0.544922     0.71232   0.0949074     0.43232    0.318604  
   0.77832    0.370828    0.794922     0.91232    0.261574    0.575177    0.443604  
   0.15332    0.704161    0.107422     0.15232    0.428241    0.718034    0.568604  
   0.65332    0.148605    0.357422     0.35232    0.594907    0.860891    0.693604  
   0.40332    0.481939    0.607422     0.55232    0.761574   0.0241566    0.818604  
   0.90332    0.815272    0.857422     0.75232    0.928241    0.167014    0.943604  
 0.0908203    0.259717    0.169922     0.95232    0.122685    0.309871   0.0842285  
   0.59082     0.59305    0.419922     0.19232    0.289352    0.452728    0.209229  
   0.34082    0.926383    0.669922     0.39232    0.456019    0.595585    0.334229  
   0.84082   0.0745313    0.919922     0.59232    0.622685    0.738442    0.459229  
   0.21582    0.407865    0.232422     0.79232    0.789352    0.881299    0.584229  
   0.71582    0.741198    0.482422     0.99232    0.956019   0.0445648    0.709229  
   0.46582    0.185642    0.732422     0.00192    0.150463    0.187422    0.834229  
   0.96582    0.518976    0.982422     0.20192     0.31713    0.330279    0.959229  
 0.0595703    0.852309   0.0605469     0.40192    0.483796    0.473136   0.0998535  
   0.55957    0.296754    0.310547     0.60192    0.650463    0.615993    0.224854  
   0.30957    0.630087    0.560547     0.80192     0.81713     0.75885    0.349854  
   0.80957     0.96342    0.810547     0.04192    0.983796    0.901708    0.474854  
   0.18457   0.0128029    0.123047     0.24192   0.0162037   0.0649729    0.599854  
   0.68457    0.346136    0.373047     0.44192     0.18287     0.20783    0.724854  
   0.43457     0.67947    0.623047     0.64192    0.349537    0.350687    0.849854  
   0.93457    0.123914    0.873047     0.84192    0.516204    0.493544    0.974854  
   0.12207    0.457247    0.185547     0.08192     0.68287    0.636401    0.115479  
   0.62207    0.790581    0.435547     0.28192    0.849537    0.779259    0.240479  
   0.37207    0.235025    0.685547     0.48192   0.0439815    0.922116    0.365479  
   0.87207    0.568358    0.935547     0.68192    0.210648   0.0853811    0.490479  
   0.24707    0.901692    0.248047     0.88192    0.377315    0.228238    0.615479  
   0.74707     0.04984    0.498047     0.12192    0.543981    0.371095    0.740479  
   0.49707    0.383173    0.748047     0.32192    0.710648    0.513953    0.865479  
   0.99707    0.716507    0.998047     0.52192    0.877315     0.65681    0.990479  
0.00292969    0.160951  0.00292969     0.72192   0.0717593    0.799667  0.00805664  
   0.50293    0.494284     0.25293     0.92192    0.238426    0.942524    0.133057  
   0.25293    0.827618     0.50293     0.16192    0.405093    0.105789    0.258057  
   0.75293    0.272062     0.75293     0.36192    0.571759    0.248646    0.383057  
   0.12793    0.605396   0.0654297     0.56192    0.738426    0.391504    0.508057  
   0.62793    0.938729     0.31543     0.76192    0.905093    0.534361    0.633057  
   0.37793    0.086877     0.56543     0.96192    0.099537    0.677218    0.758057  
   0.87793     0.42021     0.81543     0.00992    0.266204    0.820075    0.883057  
 0.0654297    0.753544     0.12793     0.20992     0.43287    0.962932   0.0236816  
   0.56543    0.197988     0.37793     0.40992    0.599537    0.126197    0.148682  
   0.31543    0.531321     0.62793     0.60992    0.766204    0.269055    0.273682  
   0.81543    0.864655     0.87793     0.80992     0.93287    0.411912    0.398682  
   0.19043    0.309099     0.19043     0.04992    0.127315    0.554769    0.523682  
   0.69043    0.642433     0.44043     0.24992    0.293981    0.697626    0.648682  
   0.44043    0.975766     0.69043     0.44992    0.460648    0.840483    0.773682  
   0.94043   0.0251486     0.94043     0.64992    0.627315     0.98334    0.898682  
 0.0341797    0.358482   0.0185547     0.84992    0.793981  0.00666389   0.0393066  
   0.53418    0.691815    0.268555     0.08992    0.960648    0.149521    0.164307  
   0.28418     0.13626    0.518555     0.28992    0.155093    0.292378    0.289307  
   0.78418    0.469593    0.768555     0.48992    0.321759    0.435235    0.414307  
   0.15918    0.802926   0.0810547     0.68992    0.488426    0.578092    0.539307  
   0.65918    0.247371    0.331055     0.88992    0.655093     0.72095    0.664307  
   0.40918    0.580704    0.581055     0.12992    0.821759    0.863807    0.789307  
   0.90918    0.914037    0.831055     0.32992    0.988426   0.0270721    0.914307  
 0.0966797   0.0621856    0.143555     0.52992   0.0208333    0.169929   0.0549316  
   0.59668    0.395519    0.393555     0.72992      0.1875    0.312786    0.179932  
   0.34668    0.728852    0.643555     0.92992    0.354167    0.455643    0.304932  
   0.84668    0.173297    0.893555     0.16992    0.520833    0.598501    0.429932  
   0.22168     0.50663    0.206055     0.36992      0.6875    0.741358    0.554932  
   0.72168    0.839963    0.456055     0.56992    0.854167    0.884215    0.679932  
   0.47168    0.284408    0.706055     0.76992   0.0486111   0.0474802    0.804932  
   0.97168    0.617741    0.956055     0.96992    0.215278    0.190337    0.929932  
 0.0185547    0.951075   0.0341797     0.01792    0.381944    0.333195   0.0705566  
  0.518555   0.0992227     0.28418     0.21792    0.548611    0.476052    0.195557  
  0.268555    0.432556     0.53418     0.41792    0.715278    0.618909    0.320557  
  0.768555    0.765889     0.78418     0.61792    0.881944    0.761766    0.445557  
  0.143555    0.210334   0.0966797     0.81792   0.0763889    0.904623    0.570557  
  0.643555    0.543667     0.34668     0.05792    0.243056   0.0678884    0.695557  
  0.393555       0.877     0.59668     0.25792    0.409722    0.210746    0.820557  
  0.893555    0.321445     0.84668     0.45792    0.576389    0.353603    0.945557  
 0.0810547    0.654778     0.15918     0.65792    0.743056     0.49646   0.0861816  
  0.581055    0.988112     0.40918     0.85792    0.909722    0.639317    0.211182  
  0.331055  0.00457247     0.65918     0.09792    0.104167    0.782174    0.336182  
  0.831055    0.337906     0.90918     0.29792    0.270833    0.925031    0.461182  
  0.206055    0.671239     0.22168     0.49792      0.4375   0.0882965    0.586182  
  0.706055    0.115684     0.47168     0.69792    0.604167    0.231154    0.711182  
  0.456055    0.449017     0.72168     0.89792    0.770833    0.374011    0.836182  
  0.956055     0.78235     0.97168     0.13792      0.9375    0.516868    0.961182  
 0.0498047    0.226795   0.0498047     0.33792    0.131944    0.659725    0.101807  
  0.549805    0.560128    0.299805     0.53792    0.298611    0.802582    0.226807  
  0.299805    0.893461    0.549805     0.73792    0.465278    0.945439    0.351807  
  0.799805   0.0416095    0.799805     0.93792    0.631944    0.108705    0.476807  
  0.174805    0.374943    0.112305     0.17792    0.798611    0.251562    0.601807  
  0.674805    0.708276    0.362305     0.37792    0.965278    0.394419    0.726807  
  0.424805    0.152721    0.612305     0.57792    0.159722    0.537276    0.851807  
  0.924805    0.486054    0.862305     0.77792    0.326389    0.680133    0.976807  
  0.112305    0.819387    0.174805     0.97792    0.493056     0.82299    0.117432  
  0.612305    0.263832    0.424805     0.02592    0.659722    0.965848    0.242432  
  0.362305    0.597165    0.674805     0.22592    0.826389    0.129113    0.367432  
  0.862305    0.930498    0.924805     0.42592    0.993056     0.27197    0.492432  
  0.237305   0.0786465    0.237305     0.62592    0.025463    0.414827    0.617432  
  0.737305     0.41198    0.487305     0.82592     0.19213    0.557684    0.742432  
  0.487305    0.745313    0.737305     0.06592    0.358796    0.700541    0.867432  
  0.987305    0.189758    0.987305     0.26592    0.525463    0.843399    0.992432  
 0.0107422    0.523091  0.00683594     0.46592     0.69213    0.986256   0.0100098  
  0.510742    0.856424    0.256836     0.66592    0.858796  0.00957934     0.13501  
  0.260742    0.300869    0.506836     0.86592   0.0532407    0.152436     0.26001  
  0.760742    0.634202    0.756836     0.10592    0.219907    0.295294     0.38501  
  0.135742    0.967535   0.0693359     0.30592    0.386574    0.438151     0.51001  
  0.635742   0.0169182    0.319336     0.50592    0.553241    0.581008     0.63501  
  0.385742    0.350251    0.569336     0.70592    0.719907    0.723865     0.76001  
  0.885742    0.683585    0.819336     0.90592    0.886574    0.866722     0.88501  
 0.0732422    0.128029    0.131836     0.14592   0.0810185   0.0299875   0.0256348  
  0.573242    0.461363    0.381836     0.34592    0.247685    0.172845    0.150635  
  0.323242    0.794696    0.631836     0.54592    0.414352    0.315702    0.275635  
  0.823242     0.23914    0.881836     0.74592    0.581019    0.458559    0.400635  
  0.198242    0.572474    0.194336     0.94592    0.747685    0.601416    0.525635  
  0.698242    0.905807    0.444336     0.18592    0.914352    0.744273    0.650635  
  0.448242   0.0539552    0.694336     0.38592    0.108796     0.88713    0.775635  
  0.948242    0.387289    0.944336     0.58592    0.275463   0.0503957    0.900635  
 0.0419922    0.720622   0.0224609     0.78592     0.44213    0.193253   0.0412598  
  0.541992    0.165066    0.272461     0.98592    0.608796     0.33611     0.16626  
  0.291992      0.4984    0.522461     0.03392    0.775463    0.478967     0.29126  
  0.791992    0.831733    0.772461     0.23392     0.94213    0.621824     0.41626  
  0.166992    0.276177   0.0849609     0.43392    0.136574    0.764681     0.54126  
  0.666992    0.609511    0.334961     0.63392    0.303241    0.907539     0.66626  
  0.416992    0.942844    0.584961     0.83392    0.469907   0.0708038     0.79126  
  0.916992   0.0909922    0.834961     0.07392    0.636574    0.213661     0.91626  
  0.104492    0.424326    0.147461     0.27392    0.803241    0.356518   0.0568848  
  0.604492    0.757659    0.397461     0.47392    0.969907    0.499375    0.181885  
  0.354492    0.202103    0.647461     0.67392    0.164352    0.642232    0.306885  
  0.854492    0.535437    0.897461     0.87392    0.331019     0.78509    0.431885  
  0.229492     0.86877    0.209961     0.11392    0.497685    0.927947    0.556885  
  0.729492    0.313214    0.459961     0.31392    0.664352    0.091212    0.681885  
  0.479492    0.646548    0.709961     0.51392    0.831019    0.234069    0.806885  
  0.979492    0.979881    0.959961     0.71392    0.997685    0.376926    0.931885  
 0.0263672   0.0292638   0.0380859     0.91392  0.00308642    0.519783   0.0725098  
  0.526367    0.362597    0.288086     0.15392    0.169753    0.662641     0.19751  
  0.276367     0.69593    0.538086     0.35392     0.33642    0.805498     0.32251  
  0.776367    0.140375    0.788086     0.55392    0.503086    0.948355     0.44751  
  0.151367    0.473708    0.100586     0.75392    0.669753     0.11162     0.57251  
  0.651367    0.807042    0.350586     0.95392     0.83642    0.254477     0.69751  
  0.401367    0.251486    0.600586     0.19392   0.0308642    0.397334     0.82251  
  0.901367    0.584819    0.850586     0.39392    0.197531    0.540192     0.94751  
 0.0888672    0.918153    0.163086     0.59392    0.364198    0.683049   0.0881348  
  0.588867   0.0663009    0.413086     0.79392    0.530864    0.825906    0.213135  
  0.338867    0.399634    0.663086     0.99392    0.697531    0.968763    0.338135  
  0.838867    0.732968    0.913086     0.00352    0.864198    0.132028    0.463135  
  0.213867    0.177412    0.225586     0.20352    0.058642    0.274885    0.588135  
  0.713867    0.510745    0.475586     0.40352    0.225309    0.417743    0.713135  
  0.463867    0.844079    0.725586     0.60352    0.391975      0.5606    0.838135  
  0.963867    0.288523    0.975586     0.80352    0.558642    0.703457    0.963135  
 0.0576172    0.621856   0.0537109     0.04352    0.725309    0.846314     0.10376  
  0.557617     0.95519    0.303711     0.24352    0.891975    0.989171     0.22876  
  0.307617    0.103338    0.553711     0.44352   0.0864198   0.0124948     0.35376  
  0.807617    0.436671    0.803711     0.64352    0.253086    0.155352     0.47876  
  0.182617    0.770005    0.116211     0.84352    0.419753    0.298209     0.60376  
  0.682617    0.214449    0.366211     0.08352     0.58642    0.441066     0.72876  
  0.432617    0.547782    0.616211     0.28352    0.753086    0.583923     0.85376  
  0.932617    0.881116    0.866211     0.48352    0.919753    0.726781     0.97876  
  0.120117     0.32556    0.178711     0.68352    0.114198    0.869638    0.119385  
  0.620117    0.658893    0.428711     0.88352    0.280864    0.032903    0.244385  
  0.370117    0.992227    0.678711     0.12352    0.447531     0.17576    0.369385  
  0.870117   0.0086877    0.928711     0.32352    0.614198    0.318617    0.494385  
  0.245117    0.342021    0.241211     0.52352    0.780864    0.461474    0.619385  
  0.745117    0.675354    0.491211     0.72352    0.947531    0.604332    0.744385  
  0.495117    0.119799    0.741211     0.92352    0.141975    0.747189    0.869385  
  0.995117    0.453132    0.991211     0.16352    0.308642    0.890046    0.994385  
0.00683594    0.786465   0.0107422     0.36352    0.475309   0.0533111   0.0119629  
  0.506836     0.23091    0.260742     0.56352    0.641975    0.196168    0.136963  
  0.256836    0.564243    0.510742     0.76352    0.808642    0.339025    0.261963  
  0.756836    0.897577    0.760742     0.96352    0.975309    0.481883    0.386963  
  0.131836   0.0457247   0.0732422     0.01152  0.00771605     0.62474    0.511963  
  0.631836    0.379058    0.323242     0.21152    0.174383    0.767597    0.636963  
  0.381836    0.712391    0.573242     0.41152    0.341049    0.910454    0.761963  
  0.881836    0.156836    0.823242     0.61152    0.507716   0.0737193    0.886963  
 0.0693359    0.490169    0.135742     0.81152    0.674383    0.216576   0.0275879  
  0.569336    0.823503    0.385742     0.05152    0.841049    0.359434    0.152588  
  0.319336    0.267947    0.635742     0.25152   0.0354938    0.502291    0.277588  
  0.819336     0.60128    0.885742     0.45152     0.20216    0.645148    0.402588  
  0.194336    0.934614    0.198242     0.65152    0.368827    0.788005    0.527588  
  0.694336   0.0827618    0.448242     0.85152    0.535494    0.930862    0.652588  
  0.444336    0.416095    0.698242     0.09152     0.70216   0.0941274    0.777588  
  0.944336    0.749428    0.948242     0.29152    0.868827    0.236985    0.902588  
 0.0380859    0.193873   0.0263672     0.49152   0.0632716    0.379842   0.0432129  
  0.538086    0.527206    0.276367     0.69152    0.229938    0.522699    0.168213  
  0.288086     0.86054    0.526367     0.89152    0.396605    0.665556    0.293213  
  0.788086    0.304984    0.776367     0.13152    0.563272    0.808413    0.418213  
  0.163086    0.638317   0.0888672     0.33152    0.729938     0.95127    0.543213  
  0.663086    0.971651    0.338867     0.53152    0.896605    0.114536    0.668213  
  0.413086   0.0210334    0.588867     0.73152   0.0910494    0.257393    0.793213  
  0.913086    0.354367    0.838867     0.93152    0.257716     0.40025    0.918213  
  0.100586      0.6877    0.151367     0.17152    0.424383    0.543107   0.0588379  
  0.600586    0.132144    0.401367     0.37152    0.591049    0.685964    0.183838  
  0.350586    0.465478    0.651367     0.57152    0.757716    0.828821    0.308838  
  0.850586    0.798811    0.901367     0.77152    0.924383    0.971678    0.433838  
  0.225586    0.243256    0.213867     0.97152    0.118827    0.134944    0.558838  
  0.725586    0.576589    0.463867     0.01952    0.285494    0.277801    0.683838  
  0.475586    0.909922    0.713867     0.21952     0.45216    0.420658    0.808838  
  0.975586   0.0580704    0.963867     0.41952    0.618827    0.563515    0.933838  
 0.0224609    0.391404   0.0419922     0.61952    0.785494    0.706372   0.0744629  
  0.522461    0.724737    0.291992     0.81952     0.95216    0.849229    0.199463  
  0.272461    0.169182    0.541992     0.05952    0.146605    0.992087    0.324463  
  0.772461    0.502515    0.791992     0.25952    0.313272   0.0154102    0.449463  
  0.147461    0.835848    0.104492     0.45952    0.479938    0.158267    0.574463  
  0.647461    0.280293    0.354492     0.65952    0.646605    0.301125    0.699463  
  0.397461    0.613626    0.604492     0.85952    0.813272    0.443982    0.824463  
  0.897461    0.946959    0.854492     0.09952    0.979938    0.586839    0.949463  
 0.0849609   0.0951075    0.166992     0.29952   0.0123457    0.729696   0.0900879  
  0.584961    0.428441    0.416992     0.49952    0.179012    0.872553    0.215088  
  0.334961    0.761774    0.666992     0.69952    0.345679   0.0358184    0.340088  
  0.834961    0.206219    0.916992     0.89952    0.512346    0.178676    0.465088  
  0.209961    0.539552    0.229492     0.13952    0.679012    0.321533    0.590088  
  0.709961    0.872885    0.479492     0.33952    0.845679     0.46439    0.715088  
  0.459961     0.31733    0.729492     0.53952   0.0401235    0.607247    0.840088  
  0.959961    0.650663    0.979492     0.73952     0.20679    0.750104    0.965088  
 0.0537109    0.983996   0.0576172     0.93952    0.373457    0.892961    0.105713  
  0.553711   0.0333791    0.307617     0.17952    0.540123   0.0562266    0.230713  
  0.303711    0.366712    0.557617     0.37952     0.70679    0.199084    0.355713  
  0.803711    0.700046    0.807617     0.57952    0.873457    0.341941    0.480713  
  0.178711     0.14449    0.120117     0.77952   0.0679012    0.484798    0.605713  
  0.678711    0.477824    0.370117     0.97952    0.234568    0.627655    0.730713  
  0.428711    0.811157    0.620117     0.02752    0.401235    0.770512    0.855713  
  0.928711    0.255601    0.870117     0.22752    0.567901    0.913369    0.980713  
  0.116211    0.588935    0.182617     0.42752    0.734568   0.0766347    0.121338  
  0.616211    0.922268    0.432617     0.62752    0.901235    0.219492    0.246338  
  0.366211   0.0704161    0.682617     0.82752    0.095679    0.362349    0.371338  
  0.866211    0.403749    0.932617     0.06752    0.262346    0.505206    0.496338  
  0.241211    0.737083    0.245117     0.26752    0.429012    0.648063    0.621338  
  0.741211    0.181527    0.495117     0.46752    0.595679     0.79092    0.746338  
  0.491211    0.514861    0.745117     0.66752    0.762346    0.933778    0.871338  
  0.991211    0.848194    0.995117     0.86752    0.929012   0.0970429    0.996338  
 0.0146484    0.292638   0.0146484     0.10752    0.123457      0.2399    0.013916  
  0.514648    0.625972    0.264648     0.30752    0.290123    0.382757    0.138916  
  0.264648    0.959305    0.514648     0.50752     0.45679    0.525614    0.263916  
  0.764648    0.107453    0.764648     0.70752    0.623457    0.668471    0.388916  
  0.139648    0.440786   0.0771484     0.90752    0.790123    0.811329    0.513916  
  0.639648     0.77412    0.327148     0.14752     0.95679    0.954186    0.638916  
  0.389648    0.218564    0.577148     0.34752    0.151235    0.117451    0.763916  
  0.889648    0.551898    0.827148     0.54752    0.317901    0.260308    0.888916  
 0.0771484    0.885231    0.139648     0.74752    0.484568    0.403165    0.029541  
  0.577148    0.329675    0.389648     0.94752    0.651235    0.546022    0.154541  
  0.327148    0.663009    0.639648     0.18752    0.817901     0.68888    0.279541  
  0.827148    0.996342    0.889648     0.38752    0.984568    0.831737    0.404541  
  0.202148  0.00182899    0.202148     0.58752   0.0169753    0.974594    0.529541  
  0.702148    0.335162    0.452148     0.78752    0.183642    0.137859    0.654541  
  0.452148    0.668496    0.702148     0.98752    0.350309    0.280716    0.779541  
  0.952148     0.11294    0.952148     0.03552    0.516975    0.423574    0.904541  
 0.0458984    0.446273   0.0302734     0.23552    0.683642    0.566431    0.045166  
  0.545898    0.779607    0.280273     0.43552    0.850309    0.709288    0.170166  
  0.295898    0.224051    0.530273     0.63552   0.0447531    0.852145    0.295166  
  0.795898    0.557385    0.780273     0.83552     0.21142    0.995002    0.420166  
  0.170898    0.890718   0.0927734     0.07552    0.378086   0.0183257    0.545166  
  0.670898    0.038866    0.342773     0.27552    0.544753    0.161183    0.670166  
  0.420898    0.372199    0.592773     0.47552     0.71142     0.30404    0.795166  
  0.920898    0.705533    0.842773     0.67552    0.878086    0.446897    0.920166  
  0.108398    0.149977    0.155273     0.87552   0.0725309    0.589754    0.060791  
  0.608398     0.48331    0.405273     0.11552    0.239198    0.732611    0.185791  
  0.358398    0.816644    0.655273     0.31552    0.405864    0.875469    0.310791  
  0.858398    0.261088    0.905273     0.51552    0.572531   0.0387339    0.435791  
  0.233398    0.594422    0.217773     0.71552    0.739198    0.181591    0.560791  
  0.733398    0.927755    0.467773     0.91552    0.905864    0.324448    0.685791  
  0.483398   0.0759031    0.717773     0.15552    0.100309    0.467305    0.810791  
  0.983398    0.409236    0.967773     0.35552    0.266975    0.610162    0.935791  
 0.0302734     0.74257   0.0458984     0.55552    0.433642     0.75302    0.076416  
  0.530273    0.187014    0.295898     0.75552    0.600309    0.895877    0.201416  
  0.280273    0.520348    0.545898     0.95552    0.766975    0.059142    0.326416  
  0.780273    0.853681    0.795898     0.19552    0.933642    0.201999    0.451416  
  0.155273    0.298125    0.108398     0.39552    0.128086    0.344856    0.576416  
  0.655273    0.631459    0.358398     0.59552    0.294753    0.487713    0.701416  
  0.405273    0.964792    0.608398     0.79552     0.46142    0.630571    0.826416  
  0.905273   0.0141747    0.858398     0.99552    0.628086    0.773428    0.951416  
