    -8.238528150591675e-05
      -0.01541646922740089
       0.05289515606657748
        -0.105790312133155
       0.05289515606657748
       -0.5501042307003141
         5.183246032435505
        -10.36649206487101
         5.183246032435505
        -16.12998901104924
       -0.1057887988014248
        -10.47228237700417
        -10.36634377207315
         87.84638142428963
        -10.36634377207315
        -10.47228237700417
       -0.1057887988014248
        -16.12998901104924
         5.183246032435505
        -10.36649206487101
         5.183246032435505
       -0.5501042307003141
       0.05289515606657748
        -0.105790312133155
       0.05289515606657748
      -0.01541646922740089
    -8.238528150591675e-05
