        -2.350603790790483                         0
        -1.335847702549078                         0
       -0.7071042523711145       -0.7071042523711145
       -0.7071042523711145                         0
       -0.7071042523711145        0.7071042523711145
       -0.4360756877879142                         0
                         0       -0.7071042523711145
                         0                         0
                         0        0.7071042523711145
        0.4360756877879142                         0
        0.7071042523711145       -0.7071042523711145
        0.7071042523711145                         0
        0.7071042523711145        0.7071042523711145
         1.335847702549078                         0
         2.350603790790483                         0
