        -3.436158241573161                         0
        -2.532730718479957                         0
        -2.350603790790483       -0.7071042523711145
        -2.350603790790483                         0
        -2.350603790790483        0.7071042523711145
        -1.756682606770374                         0
        -1.335847702549078       -0.7071042523711145
        -1.335847702549078                         0
        -1.335847702549078        0.7071042523711145
        -1.036609674198057                         0
       -0.7071042523711145        -1.650678598365645
       -0.7071042523711145       -0.7071042523711145
       -0.7071042523711145       -0.5246456064242359
       -0.7071042523711145                         0
       -0.7071042523711145        0.5246456064242359
       -0.7071042523711145        0.7071042523711145
       -0.7071042523711145         1.650678598365645
       -0.4360756877879142       -0.7071042523711145
       -0.4360756877879142                         0
       -0.4360756877879142        0.7071042523711145
       -0.3428999381348026                         0
                         0        -1.650678598365645
                         0       -0.7071042523711145
                         0       -0.5246456064242359
                         0                         0
                         0        0.5246456064242359
                         0        0.7071042523711145
                         0         1.650678598365645
        0.3428999381348026                         0
        0.4360756877879142       -0.7071042523711145
        0.4360756877879142                         0
        0.4360756877879142        0.7071042523711145
        0.7071042523711145        -1.650678598365645
        0.7071042523711145       -0.7071042523711145
        0.7071042523711145       -0.5246456064242359
        0.7071042523711145                         0
        0.7071042523711145        0.5246456064242359
        0.7071042523711145        0.7071042523711145
        0.7071042523711145         1.650678598365645
         1.036609674198057                         0
         1.335847702549078       -0.7071042523711145
         1.335847702549078                         0
         1.335847702549078        0.7071042523711145
         1.756682606770374                         0
         2.350603790790483       -0.7071042523711145
         2.350603790790483                         0
         2.350603790790483        0.7071042523711145
         2.532730718479957                         0
         3.436158241573161                         0
