    -2.293904561585955e-06
    -0.0007425246572378334
      0.001453185996879439
     -0.002906371993758879
      0.001453185996879439
      -0.03891255161362704
         0.156010499311459
       -0.3120209986229182
         0.156010499311459
       -0.7922046174266597
       0.05289515606657748
        -3.141681716952939
         5.183246032435505
        -4.188918943098288
         5.183246032435505
        -3.141681716952939
       0.05289515606657748
         6.754247477355133
        -13.50849495471026
         6.754247477355133
        -18.41694770680237
       -0.2115791109345797
        -7.540058891421067
        -20.73283583694417
         108.0329344034237
        -20.73283583694417
        -7.540058891421067
       -0.2115791109345797
        -18.41694770680237
         6.754247477355133
        -13.50849495471026
         6.754247477355133
       0.05289515606657748
        -3.141681716952939
         5.183246032435505
        -4.188918943098288
         5.183246032435505
        -3.141681716952939
       0.05289515606657748
       -0.7922046174266597
         0.156010499311459
       -0.3120209986229182
         0.156010499311459
      -0.03891255161362704
      0.001453185996879439
     -0.002906371993758879
      0.001453185996879439
    -0.0007425246572378334
    -2.293904561585955e-06
