        -2.930636422907767                         0
        -1.981655646856887                         0
        -1.650678598365645       -0.7071042523711145
        -1.650678598365645                         0
        -1.650678598365645        0.7071042523711145
        -1.157192461829594                         0
       -0.5246456064242359       -0.7071042523711145
       -0.5246456064242359                         0
       -0.5246456064242359        0.7071042523711145
       -0.3811854603425961                         0
                         0        -1.650678598365645
                         0       -0.7071042523711145
                         0       -0.5246456064242359
                         0                         0
                         0        0.5246456064242359
                         0        0.7071042523711145
                         0         1.650678598365645
        0.3811854603425961                         0
        0.5246456064242359       -0.7071042523711145
        0.5246456064242359                         0
        0.5246456064242359        0.7071042523711145
         1.157192461829594                         0
         1.650678598365645       -0.7071042523711145
         1.650678598365645                         0
         1.650678598365645        0.7071042523711145
         1.981655646856887                         0
         2.930636422907767                         0
