 -0.9604912687080203       0.000000000000000    
 -0.7745966692414834     -0.9604912687080203    
 -0.7745966692414834     -0.7745966692414834    
 -0.7745966692414834     -0.4342437493468025    
 -0.7745966692414834       0.000000000000000    
 -0.7745966692414834      0.4342437493468025    
 -0.7745966692414834      0.7745966692414834    
 -0.7745966692414834      0.9604912687080203    
 -0.4342437493468025       0.000000000000000    
   0.000000000000000     -0.9938319632127550    
   0.000000000000000     -0.9604912687080203    
   0.000000000000000     -0.8884592328722570    
   0.000000000000000     -0.7745966692414834    
   0.000000000000000     -0.6211029467372264    
   0.000000000000000     -0.4342437493468025    
   0.000000000000000     -0.2233866864289669    
   0.000000000000000       0.000000000000000    
   0.000000000000000      0.2233866864289669    
   0.000000000000000      0.4342437493468025    
   0.000000000000000      0.6211029467372264    
   0.000000000000000      0.7745966692414834    
   0.000000000000000      0.8884592328722570    
   0.000000000000000      0.9604912687080203    
   0.000000000000000      0.9938319632127550    
  0.4342437493468025       0.000000000000000    
  0.7745966692414834     -0.9604912687080203    
  0.7745966692414834     -0.7745966692414834    
  0.7745966692414834     -0.4342437493468025    
  0.7745966692414834       0.000000000000000    
  0.7745966692414834      0.4342437493468025    
  0.7745966692414834      0.7745966692414834    
  0.7745966692414834      0.9604912687080203    
  0.9604912687080203       0.000000000000000    
