  0.2093124520529345    
  0.5814234779248181E-01
  0.1491600499268519    
  0.2229985637644235    
 -0.3236257432308475    
  0.2229985637644235    
  0.1491600499268519    
  0.5814234779248181E-01
  0.8027948295519245    
  0.3400343925988052E-01
 -0.1307812959080415E-01
  0.1858543906302491    
 -0.2948958936613538E-01
  0.3430238182727828    
 -0.4474006877486891E-01
  0.4383137168031750    
 -0.9259420771516096    
  0.4383137168031750    
 -0.4474006877486891E-01
  0.3430238182727828    
 -0.2948958936613538E-01
  0.1858543906302491    
 -0.1307812959080415E-01
  0.3400343925988052E-01
  0.8027948295519245    
  0.5814234779248181E-01
  0.1491600499268519    
  0.2229985637644235    
 -0.3236257432308475    
  0.2229985637644235    
  0.1491600499268519    
  0.5814234779248181E-01
  0.2093124520529345    
