      0.005089561583123749
      0.009445399794411257
     -0.002021668110180301
      0.009445399794411257
       0.03289209970877562
         0.010952925646103
     -0.001374907019873865
       0.04200873856723274
      -0.05155831819457044
       0.04200873856723274
     -0.001374907019873865
         0.010952925646103
       0.07191420661425864
       0.05162621961951364
      -0.01032665271551129
       0.05162621961951364
        0.1139590189882467
      0.009445399794411257
     -0.001374907019873865
       0.05162621961951364
      -0.07688396184835281
       0.09528439396466189
     -0.003767844494810976
        0.1217538102231042
       -0.2577507118853251
        0.1217538102231042
     -0.003767844494810976
       0.09528439396466189
      -0.07688396184835281
       0.05162621961951364
     -0.001374907019873865
      0.009445399794411257
        0.1537592409980071
       0.09528439396466189
      -0.01905694782934308
       0.09528439396466189
        0.1872542199625289
       0.04200873856723274
     -0.003767844494810976
        0.1611198845888259
        -0.198093000098904
        0.1611198845888259
     -0.003767844494810976
       0.04200873856723274
        0.2113397871604696
        0.1217538102231042
      -0.02435077833435906
        0.1217538102231042
        0.2239137460419069
      0.005089561583123749
       -0.0020216681101803
       0.03289209970877562
      -0.05155831819457044
       0.07191420661425864
      -0.01032665271551129
        0.1139590189882467
       -0.2577507118853251
        0.1537592409980071
      -0.01905694782934308
        0.1872542199625289
       -0.1980930000989041
        0.2113397871604696
      -0.02435077833435906
        0.2239137460419069
       -0.6484170943367105
        0.2239137460419069
      -0.02435077833435906
        0.2113397871604696
       -0.1980930000989041
        0.1872542199625289
      -0.01905694782934308
        0.1537592409980071
       -0.2577507118853251
        0.1139590189882467
      -0.01032665271551129
       0.07191420661425864
      -0.05155831819457044
       0.03289209970877562
       -0.0020216681101803
      0.005089561583123749
        0.2239137460419069
        0.1217538102231042
      -0.02435077833435906
        0.1217538102231042
        0.2113397871604696
       0.04200873856723274
     -0.003767844494810976
        0.1611198845888259
        -0.198093000098904
        0.1611198845888259
     -0.003767844494810976
       0.04200873856723274
        0.1872542199625289
       0.09528439396466189
      -0.01905694782934308
       0.09528439396466189
        0.1537592409980071
      0.009445399794411257
     -0.001374907019873865
       0.05162621961951364
      -0.07688396184835281
       0.09528439396466189
     -0.003767844494810976
        0.1217538102231042
       -0.2577507118853251
        0.1217538102231042
     -0.003767844494810976
       0.09528439396466189
      -0.07688396184835281
       0.05162621961951364
     -0.001374907019873865
      0.009445399794411257
        0.1139590189882467
       0.05162621961951364
      -0.01032665271551129
       0.05162621961951364
       0.07191420661425864
         0.010952925646103
     -0.001374907019873865
       0.04200873856723274
      -0.05155831819457044
       0.04200873856723274
     -0.001374907019873865
         0.010952925646103
       0.03289209970877562
      0.009445399794411257
     -0.002021668110180301
      0.009445399794411257
      0.005089561583123749
