  0.2093124520529345    
  0.5814234779248181E-01
  0.1491600499268519    
  0.2229985637644235    
 -0.3236257432308475    
  0.2229985637644235    
  0.1491600499268519    
  0.5814234779248181E-01
  0.8027948295519245    
  0.5089561583123749E-02
  0.1686913147864221E-01
  0.3289209970877562E-01
 -0.6466949939261032E-01
  0.7191420661425864E-01
  0.9292578652351598E-01
  0.1139590189882467    
 -0.1639045912617224    
  0.1537592409980071    
  0.1715118400999807    
  0.1872542199625289    
 -0.2453685703052558    
  0.2113397871604696    
  0.2191568421118493    
  0.2239137460419069    
  -1.151452563306486    
  0.2239137460419069    
  0.2191568421118493    
  0.2113397871604696    
 -0.2453685703052558    
  0.1872542199625289    
  0.1715118400999807    
  0.1537592409980071    
 -0.1639045912617224    
  0.1139590189882467    
  0.9292578652351598E-01
  0.7191420661425864E-01
 -0.6466949939261032E-01
  0.3289209970877562E-01
  0.1686913147864221E-01
  0.5089561583123749E-02
  0.8027948295519245    
  0.5814234779248181E-01
  0.1491600499268519    
  0.2229985637644235    
 -0.3236257432308475    
  0.2229985637644235    
  0.1491600499268519    
  0.5814234779248181E-01
  0.2093124520529345    
