      0.009445399794411257
       0.01511263967105801
      0.009445399794411257
         0.010952925646103
     -0.001374907019873865
       0.04200873856723274
     3.305160723573314e-05
       0.04200873856723274
     -0.001374907019873865
         0.010952925646103
       0.05162621961951364
       0.08260195139122181
       0.05162621961951364
      0.009445399794411257
     -0.001374907019873865
       0.05162621961951364
      -0.07688396184835281
       0.09528439396466189
     -0.003767844494810976
        0.1217538102231042
       -0.1233357099897381
        0.1217538102231042
     -0.003767844494810976
       0.09528439396466189
      -0.07688396184835281
       0.05162621961951364
     -0.001374907019873865
      0.009445399794411257
       0.09528439396466189
         0.152455030343459
       0.09528439396466189
       0.04200873856723274
     -0.003767844494810976
        0.1611198845888259
       0.00253550143148279
        0.1611198845888259
     -0.003767844494810976
       0.04200873856723274
        0.1217538102231042
        0.1948060963569667
        0.1217538102231042
       0.01511263967105801
      3.30516072357262e-05
       0.08260195139122181
        -0.123335709989738
         0.152455030343459
       0.00253550143148279
        0.1948060963569667
       -0.1973961220269584
        0.1948060963569667
       0.00253550143148279
         0.152455030343459
        -0.123335709989738
       0.08260195139122181
      3.30516072357262e-05
       0.01511263967105801
        0.1217538102231042
        0.1948060963569667
        0.1217538102231042
       0.04200873856723274
     -0.003767844494810976
        0.1611198845888259
       0.00253550143148279
        0.1611198845888259
     -0.003767844494810976
       0.04200873856723274
       0.09528439396466189
         0.152455030343459
       0.09528439396466189
      0.009445399794411257
     -0.001374907019873865
       0.05162621961951364
      -0.07688396184835281
       0.09528439396466189
     -0.003767844494810976
        0.1217538102231042
       -0.1233357099897381
        0.1217538102231042
     -0.003767844494810976
       0.09528439396466189
      -0.07688396184835281
       0.05162621961951364
     -0.001374907019873865
      0.009445399794411257
       0.05162621961951364
       0.08260195139122181
       0.05162621961951364
         0.010952925646103
     -0.001374907019873865
       0.04200873856723274
     3.305160723573314e-05
       0.04200873856723274
     -0.001374907019873865
         0.010952925646103
      0.009445399794411257
       0.01511263967105801
      0.009445399794411257
