   0.000000000000000       0.000000000000000    
  0.1250000000000000       0.000000000000000    
  0.2500000000000000       0.000000000000000    
  0.3750000000000000       0.000000000000000    
  0.5000000000000000       0.000000000000000    
  0.6250000000000000       0.000000000000000    
  0.7500000000000000       0.000000000000000    
  0.8750000000000000       0.000000000000000    
   1.000000000000000       0.000000000000000    
  0.6250000000000000E-01  0.1082531754730548    
  0.1875000000000000      0.1082531754730548    
  0.3125000000000000      0.1082531754730548    
  0.4375000000000000      0.1082531754730548    
  0.5625000000000000      0.1082531754730548    
  0.6875000000000000      0.1082531754730548    
  0.8125000000000000      0.1082531754730548    
  0.9375000000000000      0.1082531754730548    
   0.000000000000000      0.2165063509461096    
  0.1250000000000000      0.2165063509461096    
  0.2500000000000000      0.2165063509461096    
  0.3750000000000000      0.2165063509461096    
  0.5000000000000000      0.2165063509461096    
  0.6250000000000000      0.2165063509461096    
  0.7500000000000000      0.2165063509461096    
  0.8750000000000000      0.2165063509461096    
   1.000000000000000      0.2165063509461096    
  0.6250000000000000E-01  0.3247595264191645    
  0.1875000000000000      0.3247595264191645    
  0.3125000000000000      0.3247595264191645    
  0.4375000000000000      0.3247595264191645    
  0.5625000000000000      0.3247595264191645    
  0.6875000000000000      0.3247595264191645    
  0.8125000000000000      0.3247595264191645    
  0.9375000000000000      0.3247595264191645    
   0.000000000000000      0.4330127018922193    
  0.1250000000000000      0.4330127018922193    
  0.2500000000000000      0.4330127018922193    
  0.3750000000000000      0.4330127018922193    
  0.5000000000000000      0.4330127018922193    
  0.6250000000000000      0.4330127018922193    
  0.7500000000000000      0.4330127018922193    
  0.8750000000000000      0.4330127018922193    
   1.000000000000000      0.4330127018922193    
  0.6250000000000000E-01  0.5412658773652741    
  0.1875000000000000      0.5412658773652741    
  0.3125000000000000      0.5412658773652741    
  0.4375000000000000      0.5412658773652741    
  0.5625000000000000      0.5412658773652741    
  0.6875000000000000      0.5412658773652741    
  0.8125000000000000      0.5412658773652741    
  0.9375000000000000      0.5412658773652741    
   0.000000000000000      0.6495190528383290    
  0.1250000000000000      0.6495190528383290    
  0.2500000000000000      0.6495190528383290    
  0.3750000000000000      0.6495190528383290    
  0.5000000000000000      0.6495190528383290    
  0.6250000000000000      0.6495190528383290    
  0.7500000000000000      0.6495190528383290    
  0.8750000000000000      0.6495190528383290    
   1.000000000000000      0.6495190528383290    
  0.6250000000000000E-01  0.7577722283113838    
  0.1875000000000000      0.7577722283113838    
  0.3125000000000000      0.7577722283113838    
  0.4375000000000000      0.7577722283113838    
  0.5625000000000000      0.7577722283113838    
  0.6875000000000000      0.7577722283113838    
  0.8125000000000000      0.7577722283113838    
  0.9375000000000000      0.7577722283113838    
   0.000000000000000      0.8660254037844386    
  0.1250000000000000      0.8660254037844386    
  0.2500000000000000      0.8660254037844386    
  0.3750000000000000      0.8660254037844386    
  0.5000000000000000      0.8660254037844386    
  0.6250000000000000      0.8660254037844386    
  0.7500000000000000      0.8660254037844386    
  0.8750000000000000      0.8660254037844386    
   1.000000000000000      0.8660254037844386    
  0.6250000000000000E-01  0.9742785792574934    
  0.1875000000000000      0.9742785792574934    
  0.3125000000000000      0.9742785792574934    
  0.4375000000000000      0.9742785792574934    
  0.5625000000000000      0.9742785792574934    
  0.6875000000000000      0.9742785792574934    
  0.8125000000000000      0.9742785792574934    
  0.9375000000000000      0.9742785792574934    
