     1.00000         2.00000    
     2.00000         2.00000    
     3.00000         2.00000    
     4.00000         2.00000    
     1.50000         2.86603    
     2.50000         2.86603    
     3.50000         2.86603    
     1.00000         3.73205    
     2.00000         3.73205    
     3.00000         3.73205    
     4.00000         3.73205    
     1.50000         4.59808    
     2.50000         4.59808    
     3.50000         4.59808    
     1.00000         5.46410    
     2.00000         5.46410    
     3.00000         5.46410    
     4.00000         5.46410    
     1.50000         6.33013    
     2.50000         6.33013    
     3.50000         6.33013    
