     1.00000         2.00000    
     1.30000         2.00000    
     1.60000         2.00000    
     1.90000         2.00000    
     2.20000         2.00000    
     2.50000         2.00000    
     2.80000         2.00000    
     3.10000         2.00000    
     3.40000         2.00000    
     3.70000         2.00000    
     4.00000         2.00000    
     1.15000         2.25981    
     1.45000         2.25981    
     1.75000         2.25981    
     2.05000         2.25981    
     2.35000         2.25981    
     2.65000         2.25981    
     2.95000         2.25981    
     3.25000         2.25981    
     3.55000         2.25981    
     3.85000         2.25981    
     1.00000         2.51962    
     1.30000         2.51962    
     1.60000         2.51962    
     1.90000         2.51962    
     2.20000         2.51962    
     2.50000         2.51962    
     2.80000         2.51962    
     3.10000         2.51962    
     3.40000         2.51962    
     3.70000         2.51962    
     4.00000         2.51962    
     1.15000         2.77942    
     1.45000         2.77942    
     1.75000         2.77942    
     2.05000         2.77942    
     2.35000         2.77942    
     2.65000         2.77942    
     2.95000         2.77942    
     3.25000         2.77942    
     3.55000         2.77942    
     3.85000         2.77942    
     1.00000         3.03923    
     1.30000         3.03923    
     1.60000         3.03923    
     1.90000         3.03923    
     2.20000         3.03923    
     2.50000         3.03923    
     2.80000         3.03923    
     3.10000         3.03923    
     3.40000         3.03923    
     3.70000         3.03923    
     4.00000         3.03923    
     1.15000         3.29904    
     1.45000         3.29904    
     1.75000         3.29904    
     2.05000         3.29904    
     2.35000         3.29904    
     2.65000         3.29904    
     2.95000         3.29904    
     3.25000         3.29904    
     3.55000         3.29904    
     3.85000         3.29904    
     1.00000         3.55885    
     1.30000         3.55885    
     1.60000         3.55885    
     1.90000         3.55885    
     2.20000         3.55885    
     2.50000         3.55885    
     2.80000         3.55885    
     3.10000         3.55885    
     3.40000         3.55885    
     3.70000         3.55885    
     4.00000         3.55885    
     1.15000         3.81865    
     1.45000         3.81865    
     1.75000         3.81865    
     2.05000         3.81865    
     2.35000         3.81865    
     2.65000         3.81865    
     2.95000         3.81865    
     3.25000         3.81865    
     3.55000         3.81865    
     3.85000         3.81865    
     1.00000         4.07846    
     1.30000         4.07846    
     1.60000         4.07846    
     1.90000         4.07846    
     2.20000         4.07846    
     2.50000         4.07846    
     2.80000         4.07846    
     3.10000         4.07846    
     3.40000         4.07846    
     3.70000         4.07846    
     4.00000         4.07846    
     1.15000         4.33827    
     1.45000         4.33827    
     1.75000         4.33827    
     2.05000         4.33827    
     2.35000         4.33827    
     2.65000         4.33827    
     2.95000         4.33827    
     3.25000         4.33827    
     3.55000         4.33827    
     3.85000         4.33827    
     1.00000         4.59808    
     1.30000         4.59808    
     1.60000         4.59808    
     1.90000         4.59808    
     2.20000         4.59808    
     2.50000         4.59808    
     2.80000         4.59808    
     3.10000         4.59808    
     3.40000         4.59808    
     3.70000         4.59808    
     4.00000         4.59808    
     1.15000         4.85788    
     1.45000         4.85788    
     1.75000         4.85788    
     2.05000         4.85788    
     2.35000         4.85788    
     2.65000         4.85788    
     2.95000         4.85788    
     3.25000         4.85788    
     3.55000         4.85788    
     3.85000         4.85788    
     1.00000         5.11769    
     1.30000         5.11769    
     1.60000         5.11769    
     1.90000         5.11769    
     2.20000         5.11769    
     2.50000         5.11769    
     2.80000         5.11769    
     3.10000         5.11769    
     3.40000         5.11769    
     3.70000         5.11769    
     4.00000         5.11769    
     1.15000         5.37750    
     1.45000         5.37750    
     1.75000         5.37750    
     2.05000         5.37750    
     2.35000         5.37750    
     2.65000         5.37750    
     2.95000         5.37750    
     3.25000         5.37750    
     3.55000         5.37750    
     3.85000         5.37750    
     1.00000         5.63731    
     1.30000         5.63731    
     1.60000         5.63731    
     1.90000         5.63731    
     2.20000         5.63731    
     2.50000         5.63731    
     2.80000         5.63731    
     3.10000         5.63731    
     3.40000         5.63731    
     3.70000         5.63731    
     4.00000         5.63731    
     1.15000         5.89711    
     1.45000         5.89711    
     1.75000         5.89711    
     2.05000         5.89711    
     2.35000         5.89711    
     2.65000         5.89711    
     2.95000         5.89711    
     3.25000         5.89711    
     3.55000         5.89711    
     3.85000         5.89711    
     1.00000         6.15692    
     1.30000         6.15692    
     1.60000         6.15692    
     1.90000         6.15692    
     2.20000         6.15692    
     2.50000         6.15692    
     2.80000         6.15692    
     3.10000         6.15692    
     3.40000         6.15692    
     3.70000         6.15692    
     4.00000         6.15692    
     1.15000         6.41673    
     1.45000         6.41673    
     1.75000         6.41673    
     2.05000         6.41673    
     2.35000         6.41673    
     2.65000         6.41673    
     2.95000         6.41673    
     3.25000         6.41673    
     3.55000         6.41673    
     3.85000         6.41673    
     1.00000         6.67654    
     1.30000         6.67654    
     1.60000         6.67654    
     1.90000         6.67654    
     2.20000         6.67654    
     2.50000         6.67654    
     2.80000         6.67654    
     3.10000         6.67654    
     3.40000         6.67654    
     3.70000         6.67654    
     4.00000         6.67654    
     1.15000         6.93634    
     1.45000         6.93634    
     1.75000         6.93634    
     2.05000         6.93634    
     2.35000         6.93634    
     2.65000         6.93634    
     2.95000         6.93634    
     3.25000         6.93634    
     3.55000         6.93634    
     3.85000         6.93634    
