   0.000000000000000       0.000000000000000    
  0.1111111111111111       0.000000000000000    
  0.2222222222222222       0.000000000000000    
  0.3333333333333333       0.000000000000000    
  0.4444444444444444       0.000000000000000    
  0.5555555555555556       0.000000000000000    
  0.6666666666666666       0.000000000000000    
  0.7777777777777778       0.000000000000000    
  0.8888888888888888       0.000000000000000    
   1.000000000000000       0.000000000000000    
  0.5555555555555555E-01  0.9622504486493762E-01
  0.1666666666666667      0.9622504486493762E-01
  0.2777777777777778      0.9622504486493762E-01
  0.3888888888888889      0.9622504486493762E-01
  0.5000000000000000      0.9622504486493762E-01
  0.6111111111111112      0.9622504486493762E-01
  0.7222222222222222      0.9622504486493762E-01
  0.8333333333333334      0.9622504486493762E-01
  0.9444444444444444      0.9622504486493762E-01
   0.000000000000000      0.1924500897298752    
  0.1111111111111111      0.1924500897298752    
  0.2222222222222222      0.1924500897298752    
  0.3333333333333333      0.1924500897298752    
  0.4444444444444444      0.1924500897298752    
  0.5555555555555556      0.1924500897298752    
  0.6666666666666666      0.1924500897298752    
  0.7777777777777778      0.1924500897298752    
  0.8888888888888888      0.1924500897298752    
   1.000000000000000      0.1924500897298752    
  0.5555555555555555E-01  0.2886751345948129    
  0.1666666666666667      0.2886751345948129    
  0.2777777777777778      0.2886751345948129    
  0.3888888888888889      0.2886751345948129    
  0.5000000000000000      0.2886751345948129    
  0.6111111111111112      0.2886751345948129    
  0.7222222222222222      0.2886751345948129    
  0.8333333333333334      0.2886751345948129    
  0.9444444444444444      0.2886751345948129    
   0.000000000000000      0.3849001794597505    
  0.1111111111111111      0.3849001794597505    
  0.2222222222222222      0.3849001794597505    
  0.3333333333333333      0.3849001794597505    
  0.4444444444444444      0.3849001794597505    
  0.5555555555555556      0.3849001794597505    
  0.6666666666666666      0.3849001794597505    
  0.7777777777777778      0.3849001794597505    
  0.8888888888888888      0.3849001794597505    
   1.000000000000000      0.3849001794597505    
  0.5555555555555555E-01  0.4811252243246881    
  0.1666666666666667      0.4811252243246881    
  0.2777777777777778      0.4811252243246881    
  0.3888888888888889      0.4811252243246881    
  0.5000000000000000      0.4811252243246881    
  0.6111111111111112      0.4811252243246881    
  0.7222222222222222      0.4811252243246881    
  0.8333333333333334      0.4811252243246881    
  0.9444444444444444      0.4811252243246881    
   0.000000000000000      0.5773502691896257    
  0.1111111111111111      0.5773502691896257    
  0.2222222222222222      0.5773502691896257    
  0.3333333333333333      0.5773502691896257    
  0.4444444444444444      0.5773502691896257    
  0.5555555555555556      0.5773502691896257    
  0.6666666666666666      0.5773502691896257    
  0.7777777777777778      0.5773502691896257    
  0.8888888888888888      0.5773502691896257    
   1.000000000000000      0.5773502691896257    
  0.5555555555555555E-01  0.6735753140545633    
  0.1666666666666667      0.6735753140545633    
  0.2777777777777778      0.6735753140545633    
  0.3888888888888889      0.6735753140545633    
  0.5000000000000000      0.6735753140545633    
  0.6111111111111112      0.6735753140545633    
  0.7222222222222222      0.6735753140545633    
  0.8333333333333334      0.6735753140545633    
  0.9444444444444444      0.6735753140545633    
   0.000000000000000      0.7698003589195009    
  0.1111111111111111      0.7698003589195009    
  0.2222222222222222      0.7698003589195009    
  0.3333333333333333      0.7698003589195009    
  0.4444444444444444      0.7698003589195009    
  0.5555555555555556      0.7698003589195009    
  0.6666666666666666      0.7698003589195009    
  0.7777777777777778      0.7698003589195009    
  0.8888888888888888      0.7698003589195009    
   1.000000000000000      0.7698003589195009    
  0.5555555555555555E-01  0.8660254037844386    
  0.1666666666666667      0.8660254037844386    
  0.2777777777777778      0.8660254037844386    
  0.3888888888888889      0.8660254037844386    
  0.5000000000000000      0.8660254037844386    
  0.6111111111111112      0.8660254037844386    
  0.7222222222222222      0.8660254037844386    
  0.8333333333333334      0.8660254037844386    
  0.9444444444444444      0.8660254037844386    
   0.000000000000000      0.9622504486493761    
  0.1111111111111111      0.9622504486493761    
  0.2222222222222222      0.9622504486493761    
  0.3333333333333333      0.9622504486493761    
  0.4444444444444444      0.9622504486493761    
  0.5555555555555556      0.9622504486493761    
  0.6666666666666666      0.9622504486493761    
  0.7777777777777778      0.9622504486493761    
  0.8888888888888888      0.9622504486493761    
   1.000000000000000      0.9622504486493761    
