   0.000000000000000       0.000000000000000    
  0.3333333333333333       0.000000000000000    
  0.6666666666666666       0.000000000000000    
   1.000000000000000       0.000000000000000    
  0.1666666666666667      0.2886751345948129    
  0.5000000000000000      0.2886751345948129    
  0.8333333333333334      0.2886751345948129    
   0.000000000000000      0.5773502691896257    
  0.3333333333333333      0.5773502691896257    
  0.6666666666666666      0.5773502691896257    
   1.000000000000000      0.5773502691896257    
  0.1666666666666667      0.8660254037844386    
  0.5000000000000000      0.8660254037844386    
  0.8333333333333334      0.8660254037844386    
