     1.00000         2.00000    
     1.33333         2.00000    
     1.66667         2.00000    
     2.00000         2.00000    
     2.33333         2.00000    
     2.66667         2.00000    
     3.00000         2.00000    
     3.33333         2.00000    
     3.66667         2.00000    
     4.00000         2.00000    
     1.16667         2.28868    
     1.50000         2.28868    
     1.83333         2.28868    
     2.16667         2.28868    
     2.50000         2.28868    
     2.83333         2.28868    
     3.16667         2.28868    
     3.50000         2.28868    
     3.83333         2.28868    
     1.00000         2.57735    
     1.33333         2.57735    
     1.66667         2.57735    
     2.00000         2.57735    
     2.33333         2.57735    
     2.66667         2.57735    
     3.00000         2.57735    
     3.33333         2.57735    
     3.66667         2.57735    
     4.00000         2.57735    
     1.16667         2.86603    
     1.50000         2.86603    
     1.83333         2.86603    
     2.16667         2.86603    
     2.50000         2.86603    
     2.83333         2.86603    
     3.16667         2.86603    
     3.50000         2.86603    
     3.83333         2.86603    
     1.00000         3.15470    
     1.33333         3.15470    
     1.66667         3.15470    
     2.00000         3.15470    
     2.33333         3.15470    
     2.66667         3.15470    
     3.00000         3.15470    
     3.33333         3.15470    
     3.66667         3.15470    
     4.00000         3.15470    
     1.16667         3.44338    
     1.50000         3.44338    
     1.83333         3.44338    
     2.16667         3.44338    
     2.50000         3.44338    
     2.83333         3.44338    
     3.16667         3.44338    
     3.50000         3.44338    
     3.83333         3.44338    
     1.00000         3.73205    
     1.33333         3.73205    
     1.66667         3.73205    
     2.00000         3.73205    
     2.33333         3.73205    
     2.66667         3.73205    
     3.00000         3.73205    
     3.33333         3.73205    
     3.66667         3.73205    
     4.00000         3.73205    
     1.16667         4.02073    
     1.50000         4.02073    
     1.83333         4.02073    
     2.16667         4.02073    
     2.50000         4.02073    
     2.83333         4.02073    
     3.16667         4.02073    
     3.50000         4.02073    
     3.83333         4.02073    
     1.00000         4.30940    
     1.33333         4.30940    
     1.66667         4.30940    
     2.00000         4.30940    
     2.33333         4.30940    
     2.66667         4.30940    
     3.00000         4.30940    
     3.33333         4.30940    
     3.66667         4.30940    
     4.00000         4.30940    
     1.16667         4.59808    
     1.50000         4.59808    
     1.83333         4.59808    
     2.16667         4.59808    
     2.50000         4.59808    
     2.83333         4.59808    
     3.16667         4.59808    
     3.50000         4.59808    
     3.83333         4.59808    
     1.00000         4.88675    
     1.33333         4.88675    
     1.66667         4.88675    
     2.00000         4.88675    
     2.33333         4.88675    
     2.66667         4.88675    
     3.00000         4.88675    
     3.33333         4.88675    
     3.66667         4.88675    
     4.00000         4.88675    
     1.16667         5.17543    
     1.50000         5.17543    
     1.83333         5.17543    
     2.16667         5.17543    
     2.50000         5.17543    
     2.83333         5.17543    
     3.16667         5.17543    
     3.50000         5.17543    
     3.83333         5.17543    
     1.00000         5.46410    
     1.33333         5.46410    
     1.66667         5.46410    
     2.00000         5.46410    
     2.33333         5.46410    
     2.66667         5.46410    
     3.00000         5.46410    
     3.33333         5.46410    
     3.66667         5.46410    
     4.00000         5.46410    
     1.16667         5.75278    
     1.50000         5.75278    
     1.83333         5.75278    
     2.16667         5.75278    
     2.50000         5.75278    
     2.83333         5.75278    
     3.16667         5.75278    
     3.50000         5.75278    
     3.83333         5.75278    
     1.00000         6.04145    
     1.33333         6.04145    
     1.66667         6.04145    
     2.00000         6.04145    
     2.33333         6.04145    
     2.66667         6.04145    
     3.00000         6.04145    
     3.33333         6.04145    
     3.66667         6.04145    
     4.00000         6.04145    
     1.16667         6.33013    
     1.50000         6.33013    
     1.83333         6.33013    
     2.16667         6.33013    
     2.50000         6.33013    
     2.83333         6.33013    
     3.16667         6.33013    
     3.50000         6.33013    
     3.83333         6.33013    
     1.00000         6.61880    
     1.33333         6.61880    
     1.66667         6.61880    
     2.00000         6.61880    
     2.33333         6.61880    
     2.66667         6.61880    
     3.00000         6.61880    
     3.33333         6.61880    
     3.66667         6.61880    
     4.00000         6.61880    
     1.16667         6.90748    
     1.50000         6.90748    
     1.83333         6.90748    
     2.16667         6.90748    
     2.50000         6.90748    
     2.83333         6.90748    
     3.16667         6.90748    
     3.50000         6.90748    
     3.83333         6.90748    
