   0.000000000000000       0.000000000000000    
  0.2500000000000000E-01   0.000000000000000    
  0.5000000000000000E-01   0.000000000000000    
  0.7500000000000000E-01   0.000000000000000    
  0.1000000000000000       0.000000000000000    
  0.1250000000000000       0.000000000000000    
  0.1500000000000000       0.000000000000000    
  0.1750000000000000       0.000000000000000    
  0.2000000000000000       0.000000000000000    
  0.2250000000000000       0.000000000000000    
  0.2500000000000000       0.000000000000000    
  0.2750000000000000       0.000000000000000    
  0.3000000000000000       0.000000000000000    
  0.3250000000000000       0.000000000000000    
  0.3500000000000000       0.000000000000000    
  0.3750000000000000       0.000000000000000    
  0.4000000000000000       0.000000000000000    
  0.4250000000000000       0.000000000000000    
  0.4500000000000000       0.000000000000000    
  0.4750000000000000       0.000000000000000    
  0.5000000000000000       0.000000000000000    
  0.5250000000000000       0.000000000000000    
  0.5500000000000000       0.000000000000000    
  0.5750000000000000       0.000000000000000    
  0.6000000000000000       0.000000000000000    
  0.6250000000000000       0.000000000000000    
  0.6500000000000000       0.000000000000000    
  0.6750000000000000       0.000000000000000    
  0.7000000000000000       0.000000000000000    
  0.7250000000000000       0.000000000000000    
  0.7500000000000000       0.000000000000000    
  0.7750000000000000       0.000000000000000    
  0.8000000000000000       0.000000000000000    
  0.8250000000000000       0.000000000000000    
  0.8500000000000000       0.000000000000000    
  0.8750000000000000       0.000000000000000    
  0.9000000000000000       0.000000000000000    
  0.9250000000000000       0.000000000000000    
  0.9500000000000000       0.000000000000000    
  0.9750000000000000       0.000000000000000    
   1.000000000000000       0.000000000000000    
  0.1250000000000000E-01  0.2165063509461097E-01
  0.3750000000000000E-01  0.2165063509461097E-01
  0.6250000000000000E-01  0.2165063509461097E-01
  0.8749999999999999E-01  0.2165063509461097E-01
  0.1125000000000000      0.2165063509461097E-01
  0.1375000000000000      0.2165063509461097E-01
  0.1625000000000000      0.2165063509461097E-01
  0.1875000000000000      0.2165063509461097E-01
  0.2125000000000000      0.2165063509461097E-01
  0.2375000000000000      0.2165063509461097E-01
  0.2625000000000000      0.2165063509461097E-01
  0.2875000000000000      0.2165063509461097E-01
  0.3125000000000000      0.2165063509461097E-01
  0.3375000000000000      0.2165063509461097E-01
  0.3625000000000000      0.2165063509461097E-01
  0.3875000000000000      0.2165063509461097E-01
  0.4125000000000000      0.2165063509461097E-01
  0.4375000000000000      0.2165063509461097E-01
  0.4625000000000000      0.2165063509461097E-01
  0.4875000000000000      0.2165063509461097E-01
  0.5125000000000000      0.2165063509461097E-01
  0.5375000000000000      0.2165063509461097E-01
  0.5625000000000000      0.2165063509461097E-01
  0.5875000000000000      0.2165063509461097E-01
  0.6125000000000000      0.2165063509461097E-01
  0.6375000000000000      0.2165063509461097E-01
  0.6625000000000000      0.2165063509461097E-01
  0.6875000000000000      0.2165063509461097E-01
  0.7125000000000000      0.2165063509461097E-01
  0.7375000000000000      0.2165063509461097E-01
  0.7625000000000000      0.2165063509461097E-01
  0.7875000000000000      0.2165063509461097E-01
  0.8125000000000000      0.2165063509461097E-01
  0.8375000000000000      0.2165063509461097E-01
  0.8625000000000000      0.2165063509461097E-01
  0.8875000000000000      0.2165063509461097E-01
  0.9125000000000000      0.2165063509461097E-01
  0.9375000000000000      0.2165063509461097E-01
  0.9625000000000000      0.2165063509461097E-01
  0.9875000000000000      0.2165063509461097E-01
   0.000000000000000      0.4330127018922193E-01
  0.2500000000000000E-01  0.4330127018922193E-01
  0.5000000000000000E-01  0.4330127018922193E-01
  0.7500000000000000E-01  0.4330127018922193E-01
  0.1000000000000000      0.4330127018922193E-01
  0.1250000000000000      0.4330127018922193E-01
  0.1500000000000000      0.4330127018922193E-01
  0.1750000000000000      0.4330127018922193E-01
  0.2000000000000000      0.4330127018922193E-01
  0.2250000000000000      0.4330127018922193E-01
  0.2500000000000000      0.4330127018922193E-01
  0.2750000000000000      0.4330127018922193E-01
  0.3000000000000000      0.4330127018922193E-01
  0.3250000000000000      0.4330127018922193E-01
  0.3500000000000000      0.4330127018922193E-01
  0.3750000000000000      0.4330127018922193E-01
  0.4000000000000000      0.4330127018922193E-01
  0.4250000000000000      0.4330127018922193E-01
  0.4500000000000000      0.4330127018922193E-01
  0.4750000000000000      0.4330127018922193E-01
  0.5000000000000000      0.4330127018922193E-01
  0.5250000000000000      0.4330127018922193E-01
  0.5500000000000000      0.4330127018922193E-01
  0.5750000000000000      0.4330127018922193E-01
  0.6000000000000000      0.4330127018922193E-01
  0.6250000000000000      0.4330127018922193E-01
  0.6500000000000000      0.4330127018922193E-01
  0.6750000000000000      0.4330127018922193E-01
  0.7000000000000000      0.4330127018922193E-01
  0.7250000000000000      0.4330127018922193E-01
  0.7500000000000000      0.4330127018922193E-01
  0.7750000000000000      0.4330127018922193E-01
  0.8000000000000000      0.4330127018922193E-01
  0.8250000000000000      0.4330127018922193E-01
  0.8500000000000000      0.4330127018922193E-01
  0.8750000000000000      0.4330127018922193E-01
  0.9000000000000000      0.4330127018922193E-01
  0.9250000000000000      0.4330127018922193E-01
  0.9500000000000000      0.4330127018922193E-01
  0.9750000000000000      0.4330127018922193E-01
   1.000000000000000      0.4330127018922193E-01
  0.1250000000000000E-01  0.6495190528383291E-01
  0.3750000000000000E-01  0.6495190528383291E-01
  0.6250000000000000E-01  0.6495190528383291E-01
  0.8749999999999999E-01  0.6495190528383291E-01
  0.1125000000000000      0.6495190528383291E-01
  0.1375000000000000      0.6495190528383291E-01
  0.1625000000000000      0.6495190528383291E-01
  0.1875000000000000      0.6495190528383291E-01
  0.2125000000000000      0.6495190528383291E-01
  0.2375000000000000      0.6495190528383291E-01
  0.2625000000000000      0.6495190528383291E-01
  0.2875000000000000      0.6495190528383291E-01
  0.3125000000000000      0.6495190528383291E-01
  0.3375000000000000      0.6495190528383291E-01
  0.3625000000000000      0.6495190528383291E-01
  0.3875000000000000      0.6495190528383291E-01
  0.4125000000000000      0.6495190528383291E-01
  0.4375000000000000      0.6495190528383291E-01
  0.4625000000000000      0.6495190528383291E-01
  0.4875000000000000      0.6495190528383291E-01
  0.5125000000000000      0.6495190528383291E-01
  0.5375000000000000      0.6495190528383291E-01
  0.5625000000000000      0.6495190528383291E-01
  0.5875000000000000      0.6495190528383291E-01
  0.6125000000000000      0.6495190528383291E-01
  0.6375000000000000      0.6495190528383291E-01
  0.6625000000000000      0.6495190528383291E-01
  0.6875000000000000      0.6495190528383291E-01
  0.7125000000000000      0.6495190528383291E-01
  0.7375000000000000      0.6495190528383291E-01
  0.7625000000000000      0.6495190528383291E-01
  0.7875000000000000      0.6495190528383291E-01
  0.8125000000000000      0.6495190528383291E-01
  0.8375000000000000      0.6495190528383291E-01
  0.8625000000000000      0.6495190528383291E-01
  0.8875000000000000      0.6495190528383291E-01
  0.9125000000000000      0.6495190528383291E-01
  0.9375000000000000      0.6495190528383291E-01
  0.9625000000000000      0.6495190528383291E-01
  0.9875000000000000      0.6495190528383291E-01
   0.000000000000000      0.8660254037844387E-01
  0.2500000000000000E-01  0.8660254037844387E-01
  0.5000000000000000E-01  0.8660254037844387E-01
  0.7500000000000000E-01  0.8660254037844387E-01
  0.1000000000000000      0.8660254037844387E-01
  0.1250000000000000      0.8660254037844387E-01
  0.1500000000000000      0.8660254037844387E-01
  0.1750000000000000      0.8660254037844387E-01
  0.2000000000000000      0.8660254037844387E-01
  0.2250000000000000      0.8660254037844387E-01
  0.2500000000000000      0.8660254037844387E-01
  0.2750000000000000      0.8660254037844387E-01
  0.3000000000000000      0.8660254037844387E-01
  0.3250000000000000      0.8660254037844387E-01
  0.3500000000000000      0.8660254037844387E-01
  0.3750000000000000      0.8660254037844387E-01
  0.4000000000000000      0.8660254037844387E-01
  0.4250000000000000      0.8660254037844387E-01
  0.4500000000000000      0.8660254037844387E-01
  0.4750000000000000      0.8660254037844387E-01
  0.5000000000000000      0.8660254037844387E-01
  0.5250000000000000      0.8660254037844387E-01
  0.5500000000000000      0.8660254037844387E-01
  0.5750000000000000      0.8660254037844387E-01
  0.6000000000000000      0.8660254037844387E-01
  0.6250000000000000      0.8660254037844387E-01
  0.6500000000000000      0.8660254037844387E-01
  0.6750000000000000      0.8660254037844387E-01
  0.7000000000000000      0.8660254037844387E-01
  0.7250000000000000      0.8660254037844387E-01
  0.7500000000000000      0.8660254037844387E-01
  0.7750000000000000      0.8660254037844387E-01
  0.8000000000000000      0.8660254037844387E-01
  0.8250000000000000      0.8660254037844387E-01
  0.8500000000000000      0.8660254037844387E-01
  0.8750000000000000      0.8660254037844387E-01
  0.9000000000000000      0.8660254037844387E-01
  0.9250000000000000      0.8660254037844387E-01
  0.9500000000000000      0.8660254037844387E-01
  0.9750000000000000      0.8660254037844387E-01
   1.000000000000000      0.8660254037844387E-01
  0.1250000000000000E-01  0.1082531754730548    
  0.3750000000000000E-01  0.1082531754730548    
  0.6250000000000000E-01  0.1082531754730548    
  0.8749999999999999E-01  0.1082531754730548    
  0.1125000000000000      0.1082531754730548    
  0.1375000000000000      0.1082531754730548    
  0.1625000000000000      0.1082531754730548    
  0.1875000000000000      0.1082531754730548    
  0.2125000000000000      0.1082531754730548    
  0.2375000000000000      0.1082531754730548    
  0.2625000000000000      0.1082531754730548    
  0.2875000000000000      0.1082531754730548    
  0.3125000000000000      0.1082531754730548    
  0.3375000000000000      0.1082531754730548    
  0.3625000000000000      0.1082531754730548    
  0.3875000000000000      0.1082531754730548    
  0.4125000000000000      0.1082531754730548    
  0.4375000000000000      0.1082531754730548    
  0.4625000000000000      0.1082531754730548    
  0.4875000000000000      0.1082531754730548    
  0.5125000000000000      0.1082531754730548    
  0.5375000000000000      0.1082531754730548    
  0.5625000000000000      0.1082531754730548    
  0.5875000000000000      0.1082531754730548    
  0.6125000000000000      0.1082531754730548    
  0.6375000000000000      0.1082531754730548    
  0.6625000000000000      0.1082531754730548    
  0.6875000000000000      0.1082531754730548    
  0.7125000000000000      0.1082531754730548    
  0.7375000000000000      0.1082531754730548    
  0.7625000000000000      0.1082531754730548    
  0.7875000000000000      0.1082531754730548    
  0.8125000000000000      0.1082531754730548    
  0.8375000000000000      0.1082531754730548    
  0.8625000000000000      0.1082531754730548    
  0.8875000000000000      0.1082531754730548    
  0.9125000000000000      0.1082531754730548    
  0.9375000000000000      0.1082531754730548    
  0.9625000000000000      0.1082531754730548    
  0.9875000000000000      0.1082531754730548    
   0.000000000000000      0.1299038105676658    
  0.2500000000000000E-01  0.1299038105676658    
  0.5000000000000000E-01  0.1299038105676658    
  0.7500000000000000E-01  0.1299038105676658    
  0.1000000000000000      0.1299038105676658    
  0.1250000000000000      0.1299038105676658    
  0.1500000000000000      0.1299038105676658    
  0.1750000000000000      0.1299038105676658    
  0.2000000000000000      0.1299038105676658    
  0.2250000000000000      0.1299038105676658    
  0.2500000000000000      0.1299038105676658    
  0.2750000000000000      0.1299038105676658    
  0.3000000000000000      0.1299038105676658    
  0.3250000000000000      0.1299038105676658    
  0.3500000000000000      0.1299038105676658    
  0.3750000000000000      0.1299038105676658    
  0.4000000000000000      0.1299038105676658    
  0.4250000000000000      0.1299038105676658    
  0.4500000000000000      0.1299038105676658    
  0.4750000000000000      0.1299038105676658    
  0.5000000000000000      0.1299038105676658    
  0.5250000000000000      0.1299038105676658    
  0.5500000000000000      0.1299038105676658    
  0.5750000000000000      0.1299038105676658    
  0.6000000000000000      0.1299038105676658    
  0.6250000000000000      0.1299038105676658    
  0.6500000000000000      0.1299038105676658    
  0.6750000000000000      0.1299038105676658    
  0.7000000000000000      0.1299038105676658    
  0.7250000000000000      0.1299038105676658    
  0.7500000000000000      0.1299038105676658    
  0.7750000000000000      0.1299038105676658    
  0.8000000000000000      0.1299038105676658    
  0.8250000000000000      0.1299038105676658    
  0.8500000000000000      0.1299038105676658    
  0.8750000000000000      0.1299038105676658    
  0.9000000000000000      0.1299038105676658    
  0.9250000000000000      0.1299038105676658    
  0.9500000000000000      0.1299038105676658    
  0.9750000000000000      0.1299038105676658    
   1.000000000000000      0.1299038105676658    
  0.1250000000000000E-01  0.1515544456622768    
  0.3750000000000000E-01  0.1515544456622768    
  0.6250000000000000E-01  0.1515544456622768    
  0.8749999999999999E-01  0.1515544456622768    
  0.1125000000000000      0.1515544456622768    
  0.1375000000000000      0.1515544456622768    
  0.1625000000000000      0.1515544456622768    
  0.1875000000000000      0.1515544456622768    
  0.2125000000000000      0.1515544456622768    
  0.2375000000000000      0.1515544456622768    
  0.2625000000000000      0.1515544456622768    
  0.2875000000000000      0.1515544456622768    
  0.3125000000000000      0.1515544456622768    
  0.3375000000000000      0.1515544456622768    
  0.3625000000000000      0.1515544456622768    
  0.3875000000000000      0.1515544456622768    
  0.4125000000000000      0.1515544456622768    
  0.4375000000000000      0.1515544456622768    
  0.4625000000000000      0.1515544456622768    
  0.4875000000000000      0.1515544456622768    
  0.5125000000000000      0.1515544456622768    
  0.5375000000000000      0.1515544456622768    
  0.5625000000000000      0.1515544456622768    
  0.5875000000000000      0.1515544456622768    
  0.6125000000000000      0.1515544456622768    
  0.6375000000000000      0.1515544456622768    
  0.6625000000000000      0.1515544456622768    
  0.6875000000000000      0.1515544456622768    
  0.7125000000000000      0.1515544456622768    
  0.7375000000000000      0.1515544456622768    
  0.7625000000000000      0.1515544456622768    
  0.7875000000000000      0.1515544456622768    
  0.8125000000000000      0.1515544456622768    
  0.8375000000000000      0.1515544456622768    
  0.8625000000000000      0.1515544456622768    
  0.8875000000000000      0.1515544456622768    
  0.9125000000000000      0.1515544456622768    
  0.9375000000000000      0.1515544456622768    
  0.9625000000000000      0.1515544456622768    
  0.9875000000000000      0.1515544456622768    
   0.000000000000000      0.1732050807568877    
  0.2500000000000000E-01  0.1732050807568877    
  0.5000000000000000E-01  0.1732050807568877    
  0.7500000000000000E-01  0.1732050807568877    
  0.1000000000000000      0.1732050807568877    
  0.1250000000000000      0.1732050807568877    
  0.1500000000000000      0.1732050807568877    
  0.1750000000000000      0.1732050807568877    
  0.2000000000000000      0.1732050807568877    
  0.2250000000000000      0.1732050807568877    
  0.2500000000000000      0.1732050807568877    
  0.2750000000000000      0.1732050807568877    
  0.3000000000000000      0.1732050807568877    
  0.3250000000000000      0.1732050807568877    
  0.3500000000000000      0.1732050807568877    
  0.3750000000000000      0.1732050807568877    
  0.4000000000000000      0.1732050807568877    
  0.4250000000000000      0.1732050807568877    
  0.4500000000000000      0.1732050807568877    
  0.4750000000000000      0.1732050807568877    
  0.5000000000000000      0.1732050807568877    
  0.5250000000000000      0.1732050807568877    
  0.5500000000000000      0.1732050807568877    
  0.5750000000000000      0.1732050807568877    
  0.6000000000000000      0.1732050807568877    
  0.6250000000000000      0.1732050807568877    
  0.6500000000000000      0.1732050807568877    
  0.6750000000000000      0.1732050807568877    
  0.7000000000000000      0.1732050807568877    
  0.7250000000000000      0.1732050807568877    
  0.7500000000000000      0.1732050807568877    
  0.7750000000000000      0.1732050807568877    
  0.8000000000000000      0.1732050807568877    
  0.8250000000000000      0.1732050807568877    
  0.8500000000000000      0.1732050807568877    
  0.8750000000000000      0.1732050807568877    
  0.9000000000000000      0.1732050807568877    
  0.9250000000000000      0.1732050807568877    
  0.9500000000000000      0.1732050807568877    
  0.9750000000000000      0.1732050807568877    
   1.000000000000000      0.1732050807568877    
  0.1250000000000000E-01  0.1948557158514987    
  0.3750000000000000E-01  0.1948557158514987    
  0.6250000000000000E-01  0.1948557158514987    
  0.8749999999999999E-01  0.1948557158514987    
  0.1125000000000000      0.1948557158514987    
  0.1375000000000000      0.1948557158514987    
  0.1625000000000000      0.1948557158514987    
  0.1875000000000000      0.1948557158514987    
  0.2125000000000000      0.1948557158514987    
  0.2375000000000000      0.1948557158514987    
  0.2625000000000000      0.1948557158514987    
  0.2875000000000000      0.1948557158514987    
  0.3125000000000000      0.1948557158514987    
  0.3375000000000000      0.1948557158514987    
  0.3625000000000000      0.1948557158514987    
  0.3875000000000000      0.1948557158514987    
  0.4125000000000000      0.1948557158514987    
  0.4375000000000000      0.1948557158514987    
  0.4625000000000000      0.1948557158514987    
  0.4875000000000000      0.1948557158514987    
  0.5125000000000000      0.1948557158514987    
  0.5375000000000000      0.1948557158514987    
  0.5625000000000000      0.1948557158514987    
  0.5875000000000000      0.1948557158514987    
  0.6125000000000000      0.1948557158514987    
  0.6375000000000000      0.1948557158514987    
  0.6625000000000000      0.1948557158514987    
  0.6875000000000000      0.1948557158514987    
  0.7125000000000000      0.1948557158514987    
  0.7375000000000000      0.1948557158514987    
  0.7625000000000000      0.1948557158514987    
  0.7875000000000000      0.1948557158514987    
  0.8125000000000000      0.1948557158514987    
  0.8375000000000000      0.1948557158514987    
  0.8625000000000000      0.1948557158514987    
  0.8875000000000000      0.1948557158514987    
  0.9125000000000000      0.1948557158514987    
  0.9375000000000000      0.1948557158514987    
  0.9625000000000000      0.1948557158514987    
  0.9875000000000000      0.1948557158514987    
   0.000000000000000      0.2165063509461096    
  0.2500000000000000E-01  0.2165063509461096    
  0.5000000000000000E-01  0.2165063509461096    
  0.7500000000000000E-01  0.2165063509461096    
  0.1000000000000000      0.2165063509461096    
  0.1250000000000000      0.2165063509461096    
  0.1500000000000000      0.2165063509461096    
  0.1750000000000000      0.2165063509461096    
  0.2000000000000000      0.2165063509461096    
  0.2250000000000000      0.2165063509461096    
  0.2500000000000000      0.2165063509461096    
  0.2750000000000000      0.2165063509461096    
  0.3000000000000000      0.2165063509461096    
  0.3250000000000000      0.2165063509461096    
  0.3500000000000000      0.2165063509461096    
  0.3750000000000000      0.2165063509461096    
  0.4000000000000000      0.2165063509461096    
  0.4250000000000000      0.2165063509461096    
  0.4500000000000000      0.2165063509461096    
  0.4750000000000000      0.2165063509461096    
  0.5000000000000000      0.2165063509461096    
  0.5250000000000000      0.2165063509461096    
  0.5500000000000000      0.2165063509461096    
  0.5750000000000000      0.2165063509461096    
  0.6000000000000000      0.2165063509461096    
  0.6250000000000000      0.2165063509461096    
  0.6500000000000000      0.2165063509461096    
  0.6750000000000000      0.2165063509461096    
  0.7000000000000000      0.2165063509461096    
  0.7250000000000000      0.2165063509461096    
  0.7500000000000000      0.2165063509461096    
  0.7750000000000000      0.2165063509461096    
  0.8000000000000000      0.2165063509461096    
  0.8250000000000000      0.2165063509461096    
  0.8500000000000000      0.2165063509461096    
  0.8750000000000000      0.2165063509461096    
  0.9000000000000000      0.2165063509461096    
  0.9250000000000000      0.2165063509461096    
  0.9500000000000000      0.2165063509461096    
  0.9750000000000000      0.2165063509461096    
   1.000000000000000      0.2165063509461096    
  0.1250000000000000E-01  0.2381569860407206    
  0.3750000000000000E-01  0.2381569860407206    
  0.6250000000000000E-01  0.2381569860407206    
  0.8749999999999999E-01  0.2381569860407206    
  0.1125000000000000      0.2381569860407206    
  0.1375000000000000      0.2381569860407206    
  0.1625000000000000      0.2381569860407206    
  0.1875000000000000      0.2381569860407206    
  0.2125000000000000      0.2381569860407206    
  0.2375000000000000      0.2381569860407206    
  0.2625000000000000      0.2381569860407206    
  0.2875000000000000      0.2381569860407206    
  0.3125000000000000      0.2381569860407206    
  0.3375000000000000      0.2381569860407206    
  0.3625000000000000      0.2381569860407206    
  0.3875000000000000      0.2381569860407206    
  0.4125000000000000      0.2381569860407206    
  0.4375000000000000      0.2381569860407206    
  0.4625000000000000      0.2381569860407206    
  0.4875000000000000      0.2381569860407206    
  0.5125000000000000      0.2381569860407206    
  0.5375000000000000      0.2381569860407206    
  0.5625000000000000      0.2381569860407206    
  0.5875000000000000      0.2381569860407206    
  0.6125000000000000      0.2381569860407206    
  0.6375000000000000      0.2381569860407206    
  0.6625000000000000      0.2381569860407206    
  0.6875000000000000      0.2381569860407206    
  0.7125000000000000      0.2381569860407206    
  0.7375000000000000      0.2381569860407206    
  0.7625000000000000      0.2381569860407206    
  0.7875000000000000      0.2381569860407206    
  0.8125000000000000      0.2381569860407206    
  0.8375000000000000      0.2381569860407206    
  0.8625000000000000      0.2381569860407206    
  0.8875000000000000      0.2381569860407206    
  0.9125000000000000      0.2381569860407206    
  0.9375000000000000      0.2381569860407206    
  0.9625000000000000      0.2381569860407206    
  0.9875000000000000      0.2381569860407206    
   0.000000000000000      0.2598076211353316    
  0.2500000000000000E-01  0.2598076211353316    
  0.5000000000000000E-01  0.2598076211353316    
  0.7500000000000000E-01  0.2598076211353316    
  0.1000000000000000      0.2598076211353316    
  0.1250000000000000      0.2598076211353316    
  0.1500000000000000      0.2598076211353316    
  0.1750000000000000      0.2598076211353316    
  0.2000000000000000      0.2598076211353316    
  0.2250000000000000      0.2598076211353316    
  0.2500000000000000      0.2598076211353316    
  0.2750000000000000      0.2598076211353316    
  0.3000000000000000      0.2598076211353316    
  0.3250000000000000      0.2598076211353316    
  0.3500000000000000      0.2598076211353316    
  0.3750000000000000      0.2598076211353316    
  0.4000000000000000      0.2598076211353316    
  0.4250000000000000      0.2598076211353316    
  0.4500000000000000      0.2598076211353316    
  0.4750000000000000      0.2598076211353316    
  0.5000000000000000      0.2598076211353316    
  0.5250000000000000      0.2598076211353316    
  0.5500000000000000      0.2598076211353316    
  0.5750000000000000      0.2598076211353316    
  0.6000000000000000      0.2598076211353316    
  0.6250000000000000      0.2598076211353316    
  0.6500000000000000      0.2598076211353316    
  0.6750000000000000      0.2598076211353316    
  0.7000000000000000      0.2598076211353316    
  0.7250000000000000      0.2598076211353316    
  0.7500000000000000      0.2598076211353316    
  0.7750000000000000      0.2598076211353316    
  0.8000000000000000      0.2598076211353316    
  0.8250000000000000      0.2598076211353316    
  0.8500000000000000      0.2598076211353316    
  0.8750000000000000      0.2598076211353316    
  0.9000000000000000      0.2598076211353316    
  0.9250000000000000      0.2598076211353316    
  0.9500000000000000      0.2598076211353316    
  0.9750000000000000      0.2598076211353316    
   1.000000000000000      0.2598076211353316    
  0.1250000000000000E-01  0.2814582562299426    
  0.3750000000000000E-01  0.2814582562299426    
  0.6250000000000000E-01  0.2814582562299426    
  0.8749999999999999E-01  0.2814582562299426    
  0.1125000000000000      0.2814582562299426    
  0.1375000000000000      0.2814582562299426    
  0.1625000000000000      0.2814582562299426    
  0.1875000000000000      0.2814582562299426    
  0.2125000000000000      0.2814582562299426    
  0.2375000000000000      0.2814582562299426    
  0.2625000000000000      0.2814582562299426    
  0.2875000000000000      0.2814582562299426    
  0.3125000000000000      0.2814582562299426    
  0.3375000000000000      0.2814582562299426    
  0.3625000000000000      0.2814582562299426    
  0.3875000000000000      0.2814582562299426    
  0.4125000000000000      0.2814582562299426    
  0.4375000000000000      0.2814582562299426    
  0.4625000000000000      0.2814582562299426    
  0.4875000000000000      0.2814582562299426    
  0.5125000000000000      0.2814582562299426    
  0.5375000000000000      0.2814582562299426    
  0.5625000000000000      0.2814582562299426    
  0.5875000000000000      0.2814582562299426    
  0.6125000000000000      0.2814582562299426    
  0.6375000000000000      0.2814582562299426    
  0.6625000000000000      0.2814582562299426    
  0.6875000000000000      0.2814582562299426    
  0.7125000000000000      0.2814582562299426    
  0.7375000000000000      0.2814582562299426    
  0.7625000000000000      0.2814582562299426    
  0.7875000000000000      0.2814582562299426    
  0.8125000000000000      0.2814582562299426    
  0.8375000000000000      0.2814582562299426    
  0.8625000000000000      0.2814582562299426    
  0.8875000000000000      0.2814582562299426    
  0.9125000000000000      0.2814582562299426    
  0.9375000000000000      0.2814582562299426    
  0.9625000000000000      0.2814582562299426    
  0.9875000000000000      0.2814582562299426    
   0.000000000000000      0.3031088913245535    
  0.2500000000000000E-01  0.3031088913245535    
  0.5000000000000000E-01  0.3031088913245535    
  0.7500000000000000E-01  0.3031088913245535    
  0.1000000000000000      0.3031088913245535    
  0.1250000000000000      0.3031088913245535    
  0.1500000000000000      0.3031088913245535    
  0.1750000000000000      0.3031088913245535    
  0.2000000000000000      0.3031088913245535    
  0.2250000000000000      0.3031088913245535    
  0.2500000000000000      0.3031088913245535    
  0.2750000000000000      0.3031088913245535    
  0.3000000000000000      0.3031088913245535    
  0.3250000000000000      0.3031088913245535    
  0.3500000000000000      0.3031088913245535    
  0.3750000000000000      0.3031088913245535    
  0.4000000000000000      0.3031088913245535    
  0.4250000000000000      0.3031088913245535    
  0.4500000000000000      0.3031088913245535    
  0.4750000000000000      0.3031088913245535    
  0.5000000000000000      0.3031088913245535    
  0.5250000000000000      0.3031088913245535    
  0.5500000000000000      0.3031088913245535    
  0.5750000000000000      0.3031088913245535    
  0.6000000000000000      0.3031088913245535    
  0.6250000000000000      0.3031088913245535    
  0.6500000000000000      0.3031088913245535    
  0.6750000000000000      0.3031088913245535    
  0.7000000000000000      0.3031088913245535    
  0.7250000000000000      0.3031088913245535    
  0.7500000000000000      0.3031088913245535    
  0.7750000000000000      0.3031088913245535    
  0.8000000000000000      0.3031088913245535    
  0.8250000000000000      0.3031088913245535    
  0.8500000000000000      0.3031088913245535    
  0.8750000000000000      0.3031088913245535    
  0.9000000000000000      0.3031088913245535    
  0.9250000000000000      0.3031088913245535    
  0.9500000000000000      0.3031088913245535    
  0.9750000000000000      0.3031088913245535    
   1.000000000000000      0.3031088913245535    
  0.1250000000000000E-01  0.3247595264191645    
  0.3750000000000000E-01  0.3247595264191645    
  0.6250000000000000E-01  0.3247595264191645    
  0.8749999999999999E-01  0.3247595264191645    
  0.1125000000000000      0.3247595264191645    
  0.1375000000000000      0.3247595264191645    
  0.1625000000000000      0.3247595264191645    
  0.1875000000000000      0.3247595264191645    
  0.2125000000000000      0.3247595264191645    
  0.2375000000000000      0.3247595264191645    
  0.2625000000000000      0.3247595264191645    
  0.2875000000000000      0.3247595264191645    
  0.3125000000000000      0.3247595264191645    
  0.3375000000000000      0.3247595264191645    
  0.3625000000000000      0.3247595264191645    
  0.3875000000000000      0.3247595264191645    
  0.4125000000000000      0.3247595264191645    
  0.4375000000000000      0.3247595264191645    
  0.4625000000000000      0.3247595264191645    
  0.4875000000000000      0.3247595264191645    
  0.5125000000000000      0.3247595264191645    
  0.5375000000000000      0.3247595264191645    
  0.5625000000000000      0.3247595264191645    
  0.5875000000000000      0.3247595264191645    
  0.6125000000000000      0.3247595264191645    
  0.6375000000000000      0.3247595264191645    
  0.6625000000000000      0.3247595264191645    
  0.6875000000000000      0.3247595264191645    
  0.7125000000000000      0.3247595264191645    
  0.7375000000000000      0.3247595264191645    
  0.7625000000000000      0.3247595264191645    
  0.7875000000000000      0.3247595264191645    
  0.8125000000000000      0.3247595264191645    
  0.8375000000000000      0.3247595264191645    
  0.8625000000000000      0.3247595264191645    
  0.8875000000000000      0.3247595264191645    
  0.9125000000000000      0.3247595264191645    
  0.9375000000000000      0.3247595264191645    
  0.9625000000000000      0.3247595264191645    
  0.9875000000000000      0.3247595264191645    
   0.000000000000000      0.3464101615137755    
  0.2500000000000000E-01  0.3464101615137755    
  0.5000000000000000E-01  0.3464101615137755    
  0.7500000000000000E-01  0.3464101615137755    
  0.1000000000000000      0.3464101615137755    
  0.1250000000000000      0.3464101615137755    
  0.1500000000000000      0.3464101615137755    
  0.1750000000000000      0.3464101615137755    
  0.2000000000000000      0.3464101615137755    
  0.2250000000000000      0.3464101615137755    
  0.2500000000000000      0.3464101615137755    
  0.2750000000000000      0.3464101615137755    
  0.3000000000000000      0.3464101615137755    
  0.3250000000000000      0.3464101615137755    
  0.3500000000000000      0.3464101615137755    
  0.3750000000000000      0.3464101615137755    
  0.4000000000000000      0.3464101615137755    
  0.4250000000000000      0.3464101615137755    
  0.4500000000000000      0.3464101615137755    
  0.4750000000000000      0.3464101615137755    
  0.5000000000000000      0.3464101615137755    
  0.5250000000000000      0.3464101615137755    
  0.5500000000000000      0.3464101615137755    
  0.5750000000000000      0.3464101615137755    
  0.6000000000000000      0.3464101615137755    
  0.6250000000000000      0.3464101615137755    
  0.6500000000000000      0.3464101615137755    
  0.6750000000000000      0.3464101615137755    
  0.7000000000000000      0.3464101615137755    
  0.7250000000000000      0.3464101615137755    
  0.7500000000000000      0.3464101615137755    
  0.7750000000000000      0.3464101615137755    
  0.8000000000000000      0.3464101615137755    
  0.8250000000000000      0.3464101615137755    
  0.8500000000000000      0.3464101615137755    
  0.8750000000000000      0.3464101615137755    
  0.9000000000000000      0.3464101615137755    
  0.9250000000000000      0.3464101615137755    
  0.9500000000000000      0.3464101615137755    
  0.9750000000000000      0.3464101615137755    
   1.000000000000000      0.3464101615137755    
  0.1250000000000000E-01  0.3680607966083864    
  0.3750000000000000E-01  0.3680607966083864    
  0.6250000000000000E-01  0.3680607966083864    
  0.8749999999999999E-01  0.3680607966083864    
  0.1125000000000000      0.3680607966083864    
  0.1375000000000000      0.3680607966083864    
  0.1625000000000000      0.3680607966083864    
  0.1875000000000000      0.3680607966083864    
  0.2125000000000000      0.3680607966083864    
  0.2375000000000000      0.3680607966083864    
  0.2625000000000000      0.3680607966083864    
  0.2875000000000000      0.3680607966083864    
  0.3125000000000000      0.3680607966083864    
  0.3375000000000000      0.3680607966083864    
  0.3625000000000000      0.3680607966083864    
  0.3875000000000000      0.3680607966083864    
  0.4125000000000000      0.3680607966083864    
  0.4375000000000000      0.3680607966083864    
  0.4625000000000000      0.3680607966083864    
  0.4875000000000000      0.3680607966083864    
  0.5125000000000000      0.3680607966083864    
  0.5375000000000000      0.3680607966083864    
  0.5625000000000000      0.3680607966083864    
  0.5875000000000000      0.3680607966083864    
  0.6125000000000000      0.3680607966083864    
  0.6375000000000000      0.3680607966083864    
  0.6625000000000000      0.3680607966083864    
  0.6875000000000000      0.3680607966083864    
  0.7125000000000000      0.3680607966083864    
  0.7375000000000000      0.3680607966083864    
  0.7625000000000000      0.3680607966083864    
  0.7875000000000000      0.3680607966083864    
  0.8125000000000000      0.3680607966083864    
  0.8375000000000000      0.3680607966083864    
  0.8625000000000000      0.3680607966083864    
  0.8875000000000000      0.3680607966083864    
  0.9125000000000000      0.3680607966083864    
  0.9375000000000000      0.3680607966083864    
  0.9625000000000000      0.3680607966083864    
  0.9875000000000000      0.3680607966083864    
   0.000000000000000      0.3897114317029974    
  0.2500000000000000E-01  0.3897114317029974    
  0.5000000000000000E-01  0.3897114317029974    
  0.7500000000000000E-01  0.3897114317029974    
  0.1000000000000000      0.3897114317029974    
  0.1250000000000000      0.3897114317029974    
  0.1500000000000000      0.3897114317029974    
  0.1750000000000000      0.3897114317029974    
  0.2000000000000000      0.3897114317029974    
  0.2250000000000000      0.3897114317029974    
  0.2500000000000000      0.3897114317029974    
  0.2750000000000000      0.3897114317029974    
  0.3000000000000000      0.3897114317029974    
  0.3250000000000000      0.3897114317029974    
  0.3500000000000000      0.3897114317029974    
  0.3750000000000000      0.3897114317029974    
  0.4000000000000000      0.3897114317029974    
  0.4250000000000000      0.3897114317029974    
  0.4500000000000000      0.3897114317029974    
  0.4750000000000000      0.3897114317029974    
  0.5000000000000000      0.3897114317029974    
  0.5250000000000000      0.3897114317029974    
  0.5500000000000000      0.3897114317029974    
  0.5750000000000000      0.3897114317029974    
  0.6000000000000000      0.3897114317029974    
  0.6250000000000000      0.3897114317029974    
  0.6500000000000000      0.3897114317029974    
  0.6750000000000000      0.3897114317029974    
  0.7000000000000000      0.3897114317029974    
  0.7250000000000000      0.3897114317029974    
  0.7500000000000000      0.3897114317029974    
  0.7750000000000000      0.3897114317029974    
  0.8000000000000000      0.3897114317029974    
  0.8250000000000000      0.3897114317029974    
  0.8500000000000000      0.3897114317029974    
  0.8750000000000000      0.3897114317029974    
  0.9000000000000000      0.3897114317029974    
  0.9250000000000000      0.3897114317029974    
  0.9500000000000000      0.3897114317029974    
  0.9750000000000000      0.3897114317029974    
   1.000000000000000      0.3897114317029974    
  0.1250000000000000E-01  0.4113620667976083    
  0.3750000000000000E-01  0.4113620667976083    
  0.6250000000000000E-01  0.4113620667976083    
  0.8749999999999999E-01  0.4113620667976083    
  0.1125000000000000      0.4113620667976083    
  0.1375000000000000      0.4113620667976083    
  0.1625000000000000      0.4113620667976083    
  0.1875000000000000      0.4113620667976083    
  0.2125000000000000      0.4113620667976083    
  0.2375000000000000      0.4113620667976083    
  0.2625000000000000      0.4113620667976083    
  0.2875000000000000      0.4113620667976083    
  0.3125000000000000      0.4113620667976083    
  0.3375000000000000      0.4113620667976083    
  0.3625000000000000      0.4113620667976083    
  0.3875000000000000      0.4113620667976083    
  0.4125000000000000      0.4113620667976083    
  0.4375000000000000      0.4113620667976083    
  0.4625000000000000      0.4113620667976083    
  0.4875000000000000      0.4113620667976083    
  0.5125000000000000      0.4113620667976083    
  0.5375000000000000      0.4113620667976083    
  0.5625000000000000      0.4113620667976083    
  0.5875000000000000      0.4113620667976083    
  0.6125000000000000      0.4113620667976083    
  0.6375000000000000      0.4113620667976083    
  0.6625000000000000      0.4113620667976083    
  0.6875000000000000      0.4113620667976083    
  0.7125000000000000      0.4113620667976083    
  0.7375000000000000      0.4113620667976083    
  0.7625000000000000      0.4113620667976083    
  0.7875000000000000      0.4113620667976083    
  0.8125000000000000      0.4113620667976083    
  0.8375000000000000      0.4113620667976083    
  0.8625000000000000      0.4113620667976083    
  0.8875000000000000      0.4113620667976083    
  0.9125000000000000      0.4113620667976083    
  0.9375000000000000      0.4113620667976083    
  0.9625000000000000      0.4113620667976083    
  0.9875000000000000      0.4113620667976083    
   0.000000000000000      0.4330127018922193    
  0.2500000000000000E-01  0.4330127018922193    
  0.5000000000000000E-01  0.4330127018922193    
  0.7500000000000000E-01  0.4330127018922193    
  0.1000000000000000      0.4330127018922193    
  0.1250000000000000      0.4330127018922193    
  0.1500000000000000      0.4330127018922193    
  0.1750000000000000      0.4330127018922193    
  0.2000000000000000      0.4330127018922193    
  0.2250000000000000      0.4330127018922193    
  0.2500000000000000      0.4330127018922193    
  0.2750000000000000      0.4330127018922193    
  0.3000000000000000      0.4330127018922193    
  0.3250000000000000      0.4330127018922193    
  0.3500000000000000      0.4330127018922193    
  0.3750000000000000      0.4330127018922193    
  0.4000000000000000      0.4330127018922193    
  0.4250000000000000      0.4330127018922193    
  0.4500000000000000      0.4330127018922193    
  0.4750000000000000      0.4330127018922193    
  0.5000000000000000      0.4330127018922193    
  0.5250000000000000      0.4330127018922193    
  0.5500000000000000      0.4330127018922193    
  0.5750000000000000      0.4330127018922193    
  0.6000000000000000      0.4330127018922193    
  0.6250000000000000      0.4330127018922193    
  0.6500000000000000      0.4330127018922193    
  0.6750000000000000      0.4330127018922193    
  0.7000000000000000      0.4330127018922193    
  0.7250000000000000      0.4330127018922193    
  0.7500000000000000      0.4330127018922193    
  0.7750000000000000      0.4330127018922193    
  0.8000000000000000      0.4330127018922193    
  0.8250000000000000      0.4330127018922193    
  0.8500000000000000      0.4330127018922193    
  0.8750000000000000      0.4330127018922193    
  0.9000000000000000      0.4330127018922193    
  0.9250000000000000      0.4330127018922193    
  0.9500000000000000      0.4330127018922193    
  0.9750000000000000      0.4330127018922193    
   1.000000000000000      0.4330127018922193    
  0.1250000000000000E-01  0.4546633369868303    
  0.3750000000000000E-01  0.4546633369868303    
  0.6250000000000000E-01  0.4546633369868303    
  0.8749999999999999E-01  0.4546633369868303    
  0.1125000000000000      0.4546633369868303    
  0.1375000000000000      0.4546633369868303    
  0.1625000000000000      0.4546633369868303    
  0.1875000000000000      0.4546633369868303    
  0.2125000000000000      0.4546633369868303    
  0.2375000000000000      0.4546633369868303    
  0.2625000000000000      0.4546633369868303    
  0.2875000000000000      0.4546633369868303    
  0.3125000000000000      0.4546633369868303    
  0.3375000000000000      0.4546633369868303    
  0.3625000000000000      0.4546633369868303    
  0.3875000000000000      0.4546633369868303    
  0.4125000000000000      0.4546633369868303    
  0.4375000000000000      0.4546633369868303    
  0.4625000000000000      0.4546633369868303    
  0.4875000000000000      0.4546633369868303    
  0.5125000000000000      0.4546633369868303    
  0.5375000000000000      0.4546633369868303    
  0.5625000000000000      0.4546633369868303    
  0.5875000000000000      0.4546633369868303    
  0.6125000000000000      0.4546633369868303    
  0.6375000000000000      0.4546633369868303    
  0.6625000000000000      0.4546633369868303    
  0.6875000000000000      0.4546633369868303    
  0.7125000000000000      0.4546633369868303    
  0.7375000000000000      0.4546633369868303    
  0.7625000000000000      0.4546633369868303    
  0.7875000000000000      0.4546633369868303    
  0.8125000000000000      0.4546633369868303    
  0.8375000000000000      0.4546633369868303    
  0.8625000000000000      0.4546633369868303    
  0.8875000000000000      0.4546633369868303    
  0.9125000000000000      0.4546633369868303    
  0.9375000000000000      0.4546633369868303    
  0.9625000000000000      0.4546633369868303    
  0.9875000000000000      0.4546633369868303    
   0.000000000000000      0.4763139720814413    
  0.2500000000000000E-01  0.4763139720814413    
  0.5000000000000000E-01  0.4763139720814413    
  0.7500000000000000E-01  0.4763139720814413    
  0.1000000000000000      0.4763139720814413    
  0.1250000000000000      0.4763139720814413    
  0.1500000000000000      0.4763139720814413    
  0.1750000000000000      0.4763139720814413    
  0.2000000000000000      0.4763139720814413    
  0.2250000000000000      0.4763139720814413    
  0.2500000000000000      0.4763139720814413    
  0.2750000000000000      0.4763139720814413    
  0.3000000000000000      0.4763139720814413    
  0.3250000000000000      0.4763139720814413    
  0.3500000000000000      0.4763139720814413    
  0.3750000000000000      0.4763139720814413    
  0.4000000000000000      0.4763139720814413    
  0.4250000000000000      0.4763139720814413    
  0.4500000000000000      0.4763139720814413    
  0.4750000000000000      0.4763139720814413    
  0.5000000000000000      0.4763139720814413    
  0.5250000000000000      0.4763139720814413    
  0.5500000000000000      0.4763139720814413    
  0.5750000000000000      0.4763139720814413    
  0.6000000000000000      0.4763139720814413    
  0.6250000000000000      0.4763139720814413    
  0.6500000000000000      0.4763139720814413    
  0.6750000000000000      0.4763139720814413    
  0.7000000000000000      0.4763139720814413    
  0.7250000000000000      0.4763139720814413    
  0.7500000000000000      0.4763139720814413    
  0.7750000000000000      0.4763139720814413    
  0.8000000000000000      0.4763139720814413    
  0.8250000000000000      0.4763139720814413    
  0.8500000000000000      0.4763139720814413    
  0.8750000000000000      0.4763139720814413    
  0.9000000000000000      0.4763139720814413    
  0.9250000000000000      0.4763139720814413    
  0.9500000000000000      0.4763139720814413    
  0.9750000000000000      0.4763139720814413    
   1.000000000000000      0.4763139720814413    
  0.1250000000000000E-01  0.4979646071760522    
  0.3750000000000000E-01  0.4979646071760522    
  0.6250000000000000E-01  0.4979646071760522    
  0.8749999999999999E-01  0.4979646071760522    
  0.1125000000000000      0.4979646071760522    
  0.1375000000000000      0.4979646071760522    
  0.1625000000000000      0.4979646071760522    
  0.1875000000000000      0.4979646071760522    
  0.2125000000000000      0.4979646071760522    
  0.2375000000000000      0.4979646071760522    
  0.2625000000000000      0.4979646071760522    
  0.2875000000000000      0.4979646071760522    
  0.3125000000000000      0.4979646071760522    
  0.3375000000000000      0.4979646071760522    
  0.3625000000000000      0.4979646071760522    
  0.3875000000000000      0.4979646071760522    
  0.4125000000000000      0.4979646071760522    
  0.4375000000000000      0.4979646071760522    
  0.4625000000000000      0.4979646071760522    
  0.4875000000000000      0.4979646071760522    
  0.5125000000000000      0.4979646071760522    
  0.5375000000000000      0.4979646071760522    
  0.5625000000000000      0.4979646071760522    
  0.5875000000000000      0.4979646071760522    
  0.6125000000000000      0.4979646071760522    
  0.6375000000000000      0.4979646071760522    
  0.6625000000000000      0.4979646071760522    
  0.6875000000000000      0.4979646071760522    
  0.7125000000000000      0.4979646071760522    
  0.7375000000000000      0.4979646071760522    
  0.7625000000000000      0.4979646071760522    
  0.7875000000000000      0.4979646071760522    
  0.8125000000000000      0.4979646071760522    
  0.8375000000000000      0.4979646071760522    
  0.8625000000000000      0.4979646071760522    
  0.8875000000000000      0.4979646071760522    
  0.9125000000000000      0.4979646071760522    
  0.9375000000000000      0.4979646071760522    
  0.9625000000000000      0.4979646071760522    
  0.9875000000000000      0.4979646071760522    
   0.000000000000000      0.5196152422706632    
  0.2500000000000000E-01  0.5196152422706632    
  0.5000000000000000E-01  0.5196152422706632    
  0.7500000000000000E-01  0.5196152422706632    
  0.1000000000000000      0.5196152422706632    
  0.1250000000000000      0.5196152422706632    
  0.1500000000000000      0.5196152422706632    
  0.1750000000000000      0.5196152422706632    
  0.2000000000000000      0.5196152422706632    
  0.2250000000000000      0.5196152422706632    
  0.2500000000000000      0.5196152422706632    
  0.2750000000000000      0.5196152422706632    
  0.3000000000000000      0.5196152422706632    
  0.3250000000000000      0.5196152422706632    
  0.3500000000000000      0.5196152422706632    
  0.3750000000000000      0.5196152422706632    
  0.4000000000000000      0.5196152422706632    
  0.4250000000000000      0.5196152422706632    
  0.4500000000000000      0.5196152422706632    
  0.4750000000000000      0.5196152422706632    
  0.5000000000000000      0.5196152422706632    
  0.5250000000000000      0.5196152422706632    
  0.5500000000000000      0.5196152422706632    
  0.5750000000000000      0.5196152422706632    
  0.6000000000000000      0.5196152422706632    
  0.6250000000000000      0.5196152422706632    
  0.6500000000000000      0.5196152422706632    
  0.6750000000000000      0.5196152422706632    
  0.7000000000000000      0.5196152422706632    
  0.7250000000000000      0.5196152422706632    
  0.7500000000000000      0.5196152422706632    
  0.7750000000000000      0.5196152422706632    
  0.8000000000000000      0.5196152422706632    
  0.8250000000000000      0.5196152422706632    
  0.8500000000000000      0.5196152422706632    
  0.8750000000000000      0.5196152422706632    
  0.9000000000000000      0.5196152422706632    
  0.9250000000000000      0.5196152422706632    
  0.9500000000000000      0.5196152422706632    
  0.9750000000000000      0.5196152422706632    
   1.000000000000000      0.5196152422706632    
  0.1250000000000000E-01  0.5412658773652742    
  0.3750000000000000E-01  0.5412658773652742    
  0.6250000000000000E-01  0.5412658773652742    
  0.8749999999999999E-01  0.5412658773652742    
  0.1125000000000000      0.5412658773652742    
  0.1375000000000000      0.5412658773652742    
  0.1625000000000000      0.5412658773652742    
  0.1875000000000000      0.5412658773652742    
  0.2125000000000000      0.5412658773652742    
  0.2375000000000000      0.5412658773652742    
  0.2625000000000000      0.5412658773652742    
  0.2875000000000000      0.5412658773652742    
  0.3125000000000000      0.5412658773652742    
  0.3375000000000000      0.5412658773652742    
  0.3625000000000000      0.5412658773652742    
  0.3875000000000000      0.5412658773652742    
  0.4125000000000000      0.5412658773652742    
  0.4375000000000000      0.5412658773652742    
  0.4625000000000000      0.5412658773652742    
  0.4875000000000000      0.5412658773652742    
  0.5125000000000000      0.5412658773652742    
  0.5375000000000000      0.5412658773652742    
  0.5625000000000000      0.5412658773652742    
  0.5875000000000000      0.5412658773652742    
  0.6125000000000000      0.5412658773652742    
  0.6375000000000000      0.5412658773652742    
  0.6625000000000000      0.5412658773652742    
  0.6875000000000000      0.5412658773652742    
  0.7125000000000000      0.5412658773652742    
  0.7375000000000000      0.5412658773652742    
  0.7625000000000000      0.5412658773652742    
  0.7875000000000000      0.5412658773652742    
  0.8125000000000000      0.5412658773652742    
  0.8375000000000000      0.5412658773652742    
  0.8625000000000000      0.5412658773652742    
  0.8875000000000000      0.5412658773652742    
  0.9125000000000000      0.5412658773652742    
  0.9375000000000000      0.5412658773652742    
  0.9625000000000000      0.5412658773652742    
  0.9875000000000000      0.5412658773652742    
   0.000000000000000      0.5629165124598852    
  0.2500000000000000E-01  0.5629165124598852    
  0.5000000000000000E-01  0.5629165124598852    
  0.7500000000000000E-01  0.5629165124598852    
  0.1000000000000000      0.5629165124598852    
  0.1250000000000000      0.5629165124598852    
  0.1500000000000000      0.5629165124598852    
  0.1750000000000000      0.5629165124598852    
  0.2000000000000000      0.5629165124598852    
  0.2250000000000000      0.5629165124598852    
  0.2500000000000000      0.5629165124598852    
  0.2750000000000000      0.5629165124598852    
  0.3000000000000000      0.5629165124598852    
  0.3250000000000000      0.5629165124598852    
  0.3500000000000000      0.5629165124598852    
  0.3750000000000000      0.5629165124598852    
  0.4000000000000000      0.5629165124598852    
  0.4250000000000000      0.5629165124598852    
  0.4500000000000000      0.5629165124598852    
  0.4750000000000000      0.5629165124598852    
  0.5000000000000000      0.5629165124598852    
  0.5250000000000000      0.5629165124598852    
  0.5500000000000000      0.5629165124598852    
  0.5750000000000000      0.5629165124598852    
  0.6000000000000000      0.5629165124598852    
  0.6250000000000000      0.5629165124598852    
  0.6500000000000000      0.5629165124598852    
  0.6750000000000000      0.5629165124598852    
  0.7000000000000000      0.5629165124598852    
  0.7250000000000000      0.5629165124598852    
  0.7500000000000000      0.5629165124598852    
  0.7750000000000000      0.5629165124598852    
  0.8000000000000000      0.5629165124598852    
  0.8250000000000000      0.5629165124598852    
  0.8500000000000000      0.5629165124598852    
  0.8750000000000000      0.5629165124598852    
  0.9000000000000000      0.5629165124598852    
  0.9250000000000000      0.5629165124598852    
  0.9500000000000000      0.5629165124598852    
  0.9750000000000000      0.5629165124598852    
   1.000000000000000      0.5629165124598852    
  0.1250000000000000E-01  0.5845671475544961    
  0.3750000000000000E-01  0.5845671475544961    
  0.6250000000000000E-01  0.5845671475544961    
  0.8749999999999999E-01  0.5845671475544961    
  0.1125000000000000      0.5845671475544961    
  0.1375000000000000      0.5845671475544961    
  0.1625000000000000      0.5845671475544961    
  0.1875000000000000      0.5845671475544961    
  0.2125000000000000      0.5845671475544961    
  0.2375000000000000      0.5845671475544961    
  0.2625000000000000      0.5845671475544961    
  0.2875000000000000      0.5845671475544961    
  0.3125000000000000      0.5845671475544961    
  0.3375000000000000      0.5845671475544961    
  0.3625000000000000      0.5845671475544961    
  0.3875000000000000      0.5845671475544961    
  0.4125000000000000      0.5845671475544961    
  0.4375000000000000      0.5845671475544961    
  0.4625000000000000      0.5845671475544961    
  0.4875000000000000      0.5845671475544961    
  0.5125000000000000      0.5845671475544961    
  0.5375000000000000      0.5845671475544961    
  0.5625000000000000      0.5845671475544961    
  0.5875000000000000      0.5845671475544961    
  0.6125000000000000      0.5845671475544961    
  0.6375000000000000      0.5845671475544961    
  0.6625000000000000      0.5845671475544961    
  0.6875000000000000      0.5845671475544961    
  0.7125000000000000      0.5845671475544961    
  0.7375000000000000      0.5845671475544961    
  0.7625000000000000      0.5845671475544961    
  0.7875000000000000      0.5845671475544961    
  0.8125000000000000      0.5845671475544961    
  0.8375000000000000      0.5845671475544961    
  0.8625000000000000      0.5845671475544961    
  0.8875000000000000      0.5845671475544961    
  0.9125000000000000      0.5845671475544961    
  0.9375000000000000      0.5845671475544961    
  0.9625000000000000      0.5845671475544961    
  0.9875000000000000      0.5845671475544961    
   0.000000000000000      0.6062177826491071    
  0.2500000000000000E-01  0.6062177826491071    
  0.5000000000000000E-01  0.6062177826491071    
  0.7500000000000000E-01  0.6062177826491071    
  0.1000000000000000      0.6062177826491071    
  0.1250000000000000      0.6062177826491071    
  0.1500000000000000      0.6062177826491071    
  0.1750000000000000      0.6062177826491071    
  0.2000000000000000      0.6062177826491071    
  0.2250000000000000      0.6062177826491071    
  0.2500000000000000      0.6062177826491071    
  0.2750000000000000      0.6062177826491071    
  0.3000000000000000      0.6062177826491071    
  0.3250000000000000      0.6062177826491071    
  0.3500000000000000      0.6062177826491071    
  0.3750000000000000      0.6062177826491071    
  0.4000000000000000      0.6062177826491071    
  0.4250000000000000      0.6062177826491071    
  0.4500000000000000      0.6062177826491071    
  0.4750000000000000      0.6062177826491071    
  0.5000000000000000      0.6062177826491071    
  0.5250000000000000      0.6062177826491071    
  0.5500000000000000      0.6062177826491071    
  0.5750000000000000      0.6062177826491071    
  0.6000000000000000      0.6062177826491071    
  0.6250000000000000      0.6062177826491071    
  0.6500000000000000      0.6062177826491071    
  0.6750000000000000      0.6062177826491071    
  0.7000000000000000      0.6062177826491071    
  0.7250000000000000      0.6062177826491071    
  0.7500000000000000      0.6062177826491071    
  0.7750000000000000      0.6062177826491071    
  0.8000000000000000      0.6062177826491071    
  0.8250000000000000      0.6062177826491071    
  0.8500000000000000      0.6062177826491071    
  0.8750000000000000      0.6062177826491071    
  0.9000000000000000      0.6062177826491071    
  0.9250000000000000      0.6062177826491071    
  0.9500000000000000      0.6062177826491071    
  0.9750000000000000      0.6062177826491071    
   1.000000000000000      0.6062177826491071    
  0.1250000000000000E-01  0.6278684177437180    
  0.3750000000000000E-01  0.6278684177437180    
  0.6250000000000000E-01  0.6278684177437180    
  0.8749999999999999E-01  0.6278684177437180    
  0.1125000000000000      0.6278684177437180    
  0.1375000000000000      0.6278684177437180    
  0.1625000000000000      0.6278684177437180    
  0.1875000000000000      0.6278684177437180    
  0.2125000000000000      0.6278684177437180    
  0.2375000000000000      0.6278684177437180    
  0.2625000000000000      0.6278684177437180    
  0.2875000000000000      0.6278684177437180    
  0.3125000000000000      0.6278684177437180    
  0.3375000000000000      0.6278684177437180    
  0.3625000000000000      0.6278684177437180    
  0.3875000000000000      0.6278684177437180    
  0.4125000000000000      0.6278684177437180    
  0.4375000000000000      0.6278684177437180    
  0.4625000000000000      0.6278684177437180    
  0.4875000000000000      0.6278684177437180    
  0.5125000000000000      0.6278684177437180    
  0.5375000000000000      0.6278684177437180    
  0.5625000000000000      0.6278684177437180    
  0.5875000000000000      0.6278684177437180    
  0.6125000000000000      0.6278684177437180    
  0.6375000000000000      0.6278684177437180    
  0.6625000000000000      0.6278684177437180    
  0.6875000000000000      0.6278684177437180    
  0.7125000000000000      0.6278684177437180    
  0.7375000000000000      0.6278684177437180    
  0.7625000000000000      0.6278684177437180    
  0.7875000000000000      0.6278684177437180    
  0.8125000000000000      0.6278684177437180    
  0.8375000000000000      0.6278684177437180    
  0.8625000000000000      0.6278684177437180    
  0.8875000000000000      0.6278684177437180    
  0.9125000000000000      0.6278684177437180    
  0.9375000000000000      0.6278684177437180    
  0.9625000000000000      0.6278684177437180    
  0.9875000000000000      0.6278684177437180    
   0.000000000000000      0.6495190528383290    
  0.2500000000000000E-01  0.6495190528383290    
  0.5000000000000000E-01  0.6495190528383290    
  0.7500000000000000E-01  0.6495190528383290    
  0.1000000000000000      0.6495190528383290    
  0.1250000000000000      0.6495190528383290    
  0.1500000000000000      0.6495190528383290    
  0.1750000000000000      0.6495190528383290    
  0.2000000000000000      0.6495190528383290    
  0.2250000000000000      0.6495190528383290    
  0.2500000000000000      0.6495190528383290    
  0.2750000000000000      0.6495190528383290    
  0.3000000000000000      0.6495190528383290    
  0.3250000000000000      0.6495190528383290    
  0.3500000000000000      0.6495190528383290    
  0.3750000000000000      0.6495190528383290    
  0.4000000000000000      0.6495190528383290    
  0.4250000000000000      0.6495190528383290    
  0.4500000000000000      0.6495190528383290    
  0.4750000000000000      0.6495190528383290    
  0.5000000000000000      0.6495190528383290    
  0.5250000000000000      0.6495190528383290    
  0.5500000000000000      0.6495190528383290    
  0.5750000000000000      0.6495190528383290    
  0.6000000000000000      0.6495190528383290    
  0.6250000000000000      0.6495190528383290    
  0.6500000000000000      0.6495190528383290    
  0.6750000000000000      0.6495190528383290    
  0.7000000000000000      0.6495190528383290    
  0.7250000000000000      0.6495190528383290    
  0.7500000000000000      0.6495190528383290    
  0.7750000000000000      0.6495190528383290    
  0.8000000000000000      0.6495190528383290    
  0.8250000000000000      0.6495190528383290    
  0.8500000000000000      0.6495190528383290    
  0.8750000000000000      0.6495190528383290    
  0.9000000000000000      0.6495190528383290    
  0.9250000000000000      0.6495190528383290    
  0.9500000000000000      0.6495190528383290    
  0.9750000000000000      0.6495190528383290    
   1.000000000000000      0.6495190528383290    
  0.1250000000000000E-01  0.6711696879329400    
  0.3750000000000000E-01  0.6711696879329400    
  0.6250000000000000E-01  0.6711696879329400    
  0.8749999999999999E-01  0.6711696879329400    
  0.1125000000000000      0.6711696879329400    
  0.1375000000000000      0.6711696879329400    
  0.1625000000000000      0.6711696879329400    
  0.1875000000000000      0.6711696879329400    
  0.2125000000000000      0.6711696879329400    
  0.2375000000000000      0.6711696879329400    
  0.2625000000000000      0.6711696879329400    
  0.2875000000000000      0.6711696879329400    
  0.3125000000000000      0.6711696879329400    
  0.3375000000000000      0.6711696879329400    
  0.3625000000000000      0.6711696879329400    
  0.3875000000000000      0.6711696879329400    
  0.4125000000000000      0.6711696879329400    
  0.4375000000000000      0.6711696879329400    
  0.4625000000000000      0.6711696879329400    
  0.4875000000000000      0.6711696879329400    
  0.5125000000000000      0.6711696879329400    
  0.5375000000000000      0.6711696879329400    
  0.5625000000000000      0.6711696879329400    
  0.5875000000000000      0.6711696879329400    
  0.6125000000000000      0.6711696879329400    
  0.6375000000000000      0.6711696879329400    
  0.6625000000000000      0.6711696879329400    
  0.6875000000000000      0.6711696879329400    
  0.7125000000000000      0.6711696879329400    
  0.7375000000000000      0.6711696879329400    
  0.7625000000000000      0.6711696879329400    
  0.7875000000000000      0.6711696879329400    
  0.8125000000000000      0.6711696879329400    
  0.8375000000000000      0.6711696879329400    
  0.8625000000000000      0.6711696879329400    
  0.8875000000000000      0.6711696879329400    
  0.9125000000000000      0.6711696879329400    
  0.9375000000000000      0.6711696879329400    
  0.9625000000000000      0.6711696879329400    
  0.9875000000000000      0.6711696879329400    
   0.000000000000000      0.6928203230275509    
  0.2500000000000000E-01  0.6928203230275509    
  0.5000000000000000E-01  0.6928203230275509    
  0.7500000000000000E-01  0.6928203230275509    
  0.1000000000000000      0.6928203230275509    
  0.1250000000000000      0.6928203230275509    
  0.1500000000000000      0.6928203230275509    
  0.1750000000000000      0.6928203230275509    
  0.2000000000000000      0.6928203230275509    
  0.2250000000000000      0.6928203230275509    
  0.2500000000000000      0.6928203230275509    
  0.2750000000000000      0.6928203230275509    
  0.3000000000000000      0.6928203230275509    
  0.3250000000000000      0.6928203230275509    
  0.3500000000000000      0.6928203230275509    
  0.3750000000000000      0.6928203230275509    
  0.4000000000000000      0.6928203230275509    
  0.4250000000000000      0.6928203230275509    
  0.4500000000000000      0.6928203230275509    
  0.4750000000000000      0.6928203230275509    
  0.5000000000000000      0.6928203230275509    
  0.5250000000000000      0.6928203230275509    
  0.5500000000000000      0.6928203230275509    
  0.5750000000000000      0.6928203230275509    
  0.6000000000000000      0.6928203230275509    
  0.6250000000000000      0.6928203230275509    
  0.6500000000000000      0.6928203230275509    
  0.6750000000000000      0.6928203230275509    
  0.7000000000000000      0.6928203230275509    
  0.7250000000000000      0.6928203230275509    
  0.7500000000000000      0.6928203230275509    
  0.7750000000000000      0.6928203230275509    
  0.8000000000000000      0.6928203230275509    
  0.8250000000000000      0.6928203230275509    
  0.8500000000000000      0.6928203230275509    
  0.8750000000000000      0.6928203230275509    
  0.9000000000000000      0.6928203230275509    
  0.9250000000000000      0.6928203230275509    
  0.9500000000000000      0.6928203230275509    
  0.9750000000000000      0.6928203230275509    
   1.000000000000000      0.6928203230275509    
  0.1250000000000000E-01  0.7144709581221619    
  0.3750000000000000E-01  0.7144709581221619    
  0.6250000000000000E-01  0.7144709581221619    
  0.8749999999999999E-01  0.7144709581221619    
  0.1125000000000000      0.7144709581221619    
  0.1375000000000000      0.7144709581221619    
  0.1625000000000000      0.7144709581221619    
  0.1875000000000000      0.7144709581221619    
  0.2125000000000000      0.7144709581221619    
  0.2375000000000000      0.7144709581221619    
  0.2625000000000000      0.7144709581221619    
  0.2875000000000000      0.7144709581221619    
  0.3125000000000000      0.7144709581221619    
  0.3375000000000000      0.7144709581221619    
  0.3625000000000000      0.7144709581221619    
  0.3875000000000000      0.7144709581221619    
  0.4125000000000000      0.7144709581221619    
  0.4375000000000000      0.7144709581221619    
  0.4625000000000000      0.7144709581221619    
  0.4875000000000000      0.7144709581221619    
  0.5125000000000000      0.7144709581221619    
  0.5375000000000000      0.7144709581221619    
  0.5625000000000000      0.7144709581221619    
  0.5875000000000000      0.7144709581221619    
  0.6125000000000000      0.7144709581221619    
  0.6375000000000000      0.7144709581221619    
  0.6625000000000000      0.7144709581221619    
  0.6875000000000000      0.7144709581221619    
  0.7125000000000000      0.7144709581221619    
  0.7375000000000000      0.7144709581221619    
  0.7625000000000000      0.7144709581221619    
  0.7875000000000000      0.7144709581221619    
  0.8125000000000000      0.7144709581221619    
  0.8375000000000000      0.7144709581221619    
  0.8625000000000000      0.7144709581221619    
  0.8875000000000000      0.7144709581221619    
  0.9125000000000000      0.7144709581221619    
  0.9375000000000000      0.7144709581221619    
  0.9625000000000000      0.7144709581221619    
  0.9875000000000000      0.7144709581221619    
   0.000000000000000      0.7361215932167728    
  0.2500000000000000E-01  0.7361215932167728    
  0.5000000000000000E-01  0.7361215932167728    
  0.7500000000000000E-01  0.7361215932167728    
  0.1000000000000000      0.7361215932167728    
  0.1250000000000000      0.7361215932167728    
  0.1500000000000000      0.7361215932167728    
  0.1750000000000000      0.7361215932167728    
  0.2000000000000000      0.7361215932167728    
  0.2250000000000000      0.7361215932167728    
  0.2500000000000000      0.7361215932167728    
  0.2750000000000000      0.7361215932167728    
  0.3000000000000000      0.7361215932167728    
  0.3250000000000000      0.7361215932167728    
  0.3500000000000000      0.7361215932167728    
  0.3750000000000000      0.7361215932167728    
  0.4000000000000000      0.7361215932167728    
  0.4250000000000000      0.7361215932167728    
  0.4500000000000000      0.7361215932167728    
  0.4750000000000000      0.7361215932167728    
  0.5000000000000000      0.7361215932167728    
  0.5250000000000000      0.7361215932167728    
  0.5500000000000000      0.7361215932167728    
  0.5750000000000000      0.7361215932167728    
  0.6000000000000000      0.7361215932167728    
  0.6250000000000000      0.7361215932167728    
  0.6500000000000000      0.7361215932167728    
  0.6750000000000000      0.7361215932167728    
  0.7000000000000000      0.7361215932167728    
  0.7250000000000000      0.7361215932167728    
  0.7500000000000000      0.7361215932167728    
  0.7750000000000000      0.7361215932167728    
  0.8000000000000000      0.7361215932167728    
  0.8250000000000000      0.7361215932167728    
  0.8500000000000000      0.7361215932167728    
  0.8750000000000000      0.7361215932167728    
  0.9000000000000000      0.7361215932167728    
  0.9250000000000000      0.7361215932167728    
  0.9500000000000000      0.7361215932167728    
  0.9750000000000000      0.7361215932167728    
   1.000000000000000      0.7361215932167728    
  0.1250000000000000E-01  0.7577722283113838    
  0.3750000000000000E-01  0.7577722283113838    
  0.6250000000000000E-01  0.7577722283113838    
  0.8749999999999999E-01  0.7577722283113838    
  0.1125000000000000      0.7577722283113838    
  0.1375000000000000      0.7577722283113838    
  0.1625000000000000      0.7577722283113838    
  0.1875000000000000      0.7577722283113838    
  0.2125000000000000      0.7577722283113838    
  0.2375000000000000      0.7577722283113838    
  0.2625000000000000      0.7577722283113838    
  0.2875000000000000      0.7577722283113838    
  0.3125000000000000      0.7577722283113838    
  0.3375000000000000      0.7577722283113838    
  0.3625000000000000      0.7577722283113838    
  0.3875000000000000      0.7577722283113838    
  0.4125000000000000      0.7577722283113838    
  0.4375000000000000      0.7577722283113838    
  0.4625000000000000      0.7577722283113838    
  0.4875000000000000      0.7577722283113838    
  0.5125000000000000      0.7577722283113838    
  0.5375000000000000      0.7577722283113838    
  0.5625000000000000      0.7577722283113838    
  0.5875000000000000      0.7577722283113838    
  0.6125000000000000      0.7577722283113838    
  0.6375000000000000      0.7577722283113838    
  0.6625000000000000      0.7577722283113838    
  0.6875000000000000      0.7577722283113838    
  0.7125000000000000      0.7577722283113838    
  0.7375000000000000      0.7577722283113838    
  0.7625000000000000      0.7577722283113838    
  0.7875000000000000      0.7577722283113838    
  0.8125000000000000      0.7577722283113838    
  0.8375000000000000      0.7577722283113838    
  0.8625000000000000      0.7577722283113838    
  0.8875000000000000      0.7577722283113838    
  0.9125000000000000      0.7577722283113838    
  0.9375000000000000      0.7577722283113838    
  0.9625000000000000      0.7577722283113838    
  0.9875000000000000      0.7577722283113838    
   0.000000000000000      0.7794228634059948    
  0.2500000000000000E-01  0.7794228634059948    
  0.5000000000000000E-01  0.7794228634059948    
  0.7500000000000000E-01  0.7794228634059948    
  0.1000000000000000      0.7794228634059948    
  0.1250000000000000      0.7794228634059948    
  0.1500000000000000      0.7794228634059948    
  0.1750000000000000      0.7794228634059948    
  0.2000000000000000      0.7794228634059948    
  0.2250000000000000      0.7794228634059948    
  0.2500000000000000      0.7794228634059948    
  0.2750000000000000      0.7794228634059948    
  0.3000000000000000      0.7794228634059948    
  0.3250000000000000      0.7794228634059948    
  0.3500000000000000      0.7794228634059948    
  0.3750000000000000      0.7794228634059948    
  0.4000000000000000      0.7794228634059948    
  0.4250000000000000      0.7794228634059948    
  0.4500000000000000      0.7794228634059948    
  0.4750000000000000      0.7794228634059948    
  0.5000000000000000      0.7794228634059948    
  0.5250000000000000      0.7794228634059948    
  0.5500000000000000      0.7794228634059948    
  0.5750000000000000      0.7794228634059948    
  0.6000000000000000      0.7794228634059948    
  0.6250000000000000      0.7794228634059948    
  0.6500000000000000      0.7794228634059948    
  0.6750000000000000      0.7794228634059948    
  0.7000000000000000      0.7794228634059948    
  0.7250000000000000      0.7794228634059948    
  0.7500000000000000      0.7794228634059948    
  0.7750000000000000      0.7794228634059948    
  0.8000000000000000      0.7794228634059948    
  0.8250000000000000      0.7794228634059948    
  0.8500000000000000      0.7794228634059948    
  0.8750000000000000      0.7794228634059948    
  0.9000000000000000      0.7794228634059948    
  0.9250000000000000      0.7794228634059948    
  0.9500000000000000      0.7794228634059948    
  0.9750000000000000      0.7794228634059948    
   1.000000000000000      0.7794228634059948    
  0.1250000000000000E-01  0.8010734985006057    
  0.3750000000000000E-01  0.8010734985006057    
  0.6250000000000000E-01  0.8010734985006057    
  0.8749999999999999E-01  0.8010734985006057    
  0.1125000000000000      0.8010734985006057    
  0.1375000000000000      0.8010734985006057    
  0.1625000000000000      0.8010734985006057    
  0.1875000000000000      0.8010734985006057    
  0.2125000000000000      0.8010734985006057    
  0.2375000000000000      0.8010734985006057    
  0.2625000000000000      0.8010734985006057    
  0.2875000000000000      0.8010734985006057    
  0.3125000000000000      0.8010734985006057    
  0.3375000000000000      0.8010734985006057    
  0.3625000000000000      0.8010734985006057    
  0.3875000000000000      0.8010734985006057    
  0.4125000000000000      0.8010734985006057    
  0.4375000000000000      0.8010734985006057    
  0.4625000000000000      0.8010734985006057    
  0.4875000000000000      0.8010734985006057    
  0.5125000000000000      0.8010734985006057    
  0.5375000000000000      0.8010734985006057    
  0.5625000000000000      0.8010734985006057    
  0.5875000000000000      0.8010734985006057    
  0.6125000000000000      0.8010734985006057    
  0.6375000000000000      0.8010734985006057    
  0.6625000000000000      0.8010734985006057    
  0.6875000000000000      0.8010734985006057    
  0.7125000000000000      0.8010734985006057    
  0.7375000000000000      0.8010734985006057    
  0.7625000000000000      0.8010734985006057    
  0.7875000000000000      0.8010734985006057    
  0.8125000000000000      0.8010734985006057    
  0.8375000000000000      0.8010734985006057    
  0.8625000000000000      0.8010734985006057    
  0.8875000000000000      0.8010734985006057    
  0.9125000000000000      0.8010734985006057    
  0.9375000000000000      0.8010734985006057    
  0.9625000000000000      0.8010734985006057    
  0.9875000000000000      0.8010734985006057    
   0.000000000000000      0.8227241335952167    
  0.2500000000000000E-01  0.8227241335952167    
  0.5000000000000000E-01  0.8227241335952167    
  0.7500000000000000E-01  0.8227241335952167    
  0.1000000000000000      0.8227241335952167    
  0.1250000000000000      0.8227241335952167    
  0.1500000000000000      0.8227241335952167    
  0.1750000000000000      0.8227241335952167    
  0.2000000000000000      0.8227241335952167    
  0.2250000000000000      0.8227241335952167    
  0.2500000000000000      0.8227241335952167    
  0.2750000000000000      0.8227241335952167    
  0.3000000000000000      0.8227241335952167    
  0.3250000000000000      0.8227241335952167    
  0.3500000000000000      0.8227241335952167    
  0.3750000000000000      0.8227241335952167    
  0.4000000000000000      0.8227241335952167    
  0.4250000000000000      0.8227241335952167    
  0.4500000000000000      0.8227241335952167    
  0.4750000000000000      0.8227241335952167    
  0.5000000000000000      0.8227241335952167    
  0.5250000000000000      0.8227241335952167    
  0.5500000000000000      0.8227241335952167    
  0.5750000000000000      0.8227241335952167    
  0.6000000000000000      0.8227241335952167    
  0.6250000000000000      0.8227241335952167    
  0.6500000000000000      0.8227241335952167    
  0.6750000000000000      0.8227241335952167    
  0.7000000000000000      0.8227241335952167    
  0.7250000000000000      0.8227241335952167    
  0.7500000000000000      0.8227241335952167    
  0.7750000000000000      0.8227241335952167    
  0.8000000000000000      0.8227241335952167    
  0.8250000000000000      0.8227241335952167    
  0.8500000000000000      0.8227241335952167    
  0.8750000000000000      0.8227241335952167    
  0.9000000000000000      0.8227241335952167    
  0.9250000000000000      0.8227241335952167    
  0.9500000000000000      0.8227241335952167    
  0.9750000000000000      0.8227241335952167    
   1.000000000000000      0.8227241335952167    
  0.1250000000000000E-01  0.8443747686898276    
  0.3750000000000000E-01  0.8443747686898276    
  0.6250000000000000E-01  0.8443747686898276    
  0.8749999999999999E-01  0.8443747686898276    
  0.1125000000000000      0.8443747686898276    
  0.1375000000000000      0.8443747686898276    
  0.1625000000000000      0.8443747686898276    
  0.1875000000000000      0.8443747686898276    
  0.2125000000000000      0.8443747686898276    
  0.2375000000000000      0.8443747686898276    
  0.2625000000000000      0.8443747686898276    
  0.2875000000000000      0.8443747686898276    
  0.3125000000000000      0.8443747686898276    
  0.3375000000000000      0.8443747686898276    
  0.3625000000000000      0.8443747686898276    
  0.3875000000000000      0.8443747686898276    
  0.4125000000000000      0.8443747686898276    
  0.4375000000000000      0.8443747686898276    
  0.4625000000000000      0.8443747686898276    
  0.4875000000000000      0.8443747686898276    
  0.5125000000000000      0.8443747686898276    
  0.5375000000000000      0.8443747686898276    
  0.5625000000000000      0.8443747686898276    
  0.5875000000000000      0.8443747686898276    
  0.6125000000000000      0.8443747686898276    
  0.6375000000000000      0.8443747686898276    
  0.6625000000000000      0.8443747686898276    
  0.6875000000000000      0.8443747686898276    
  0.7125000000000000      0.8443747686898276    
  0.7375000000000000      0.8443747686898276    
  0.7625000000000000      0.8443747686898276    
  0.7875000000000000      0.8443747686898276    
  0.8125000000000000      0.8443747686898276    
  0.8375000000000000      0.8443747686898276    
  0.8625000000000000      0.8443747686898276    
  0.8875000000000000      0.8443747686898276    
  0.9125000000000000      0.8443747686898276    
  0.9375000000000000      0.8443747686898276    
  0.9625000000000000      0.8443747686898276    
  0.9875000000000000      0.8443747686898276    
   0.000000000000000      0.8660254037844386    
  0.2500000000000000E-01  0.8660254037844386    
  0.5000000000000000E-01  0.8660254037844386    
  0.7500000000000000E-01  0.8660254037844386    
  0.1000000000000000      0.8660254037844386    
  0.1250000000000000      0.8660254037844386    
  0.1500000000000000      0.8660254037844386    
  0.1750000000000000      0.8660254037844386    
  0.2000000000000000      0.8660254037844386    
  0.2250000000000000      0.8660254037844386    
  0.2500000000000000      0.8660254037844386    
  0.2750000000000000      0.8660254037844386    
  0.3000000000000000      0.8660254037844386    
  0.3250000000000000      0.8660254037844386    
  0.3500000000000000      0.8660254037844386    
  0.3750000000000000      0.8660254037844386    
  0.4000000000000000      0.8660254037844386    
  0.4250000000000000      0.8660254037844386    
  0.4500000000000000      0.8660254037844386    
  0.4750000000000000      0.8660254037844386    
  0.5000000000000000      0.8660254037844386    
  0.5250000000000000      0.8660254037844386    
  0.5500000000000000      0.8660254037844386    
  0.5750000000000000      0.8660254037844386    
  0.6000000000000000      0.8660254037844386    
  0.6250000000000000      0.8660254037844386    
  0.6500000000000000      0.8660254037844386    
  0.6750000000000000      0.8660254037844386    
  0.7000000000000000      0.8660254037844386    
  0.7250000000000000      0.8660254037844386    
  0.7500000000000000      0.8660254037844386    
  0.7750000000000000      0.8660254037844386    
  0.8000000000000000      0.8660254037844386    
  0.8250000000000000      0.8660254037844386    
  0.8500000000000000      0.8660254037844386    
  0.8750000000000000      0.8660254037844386    
  0.9000000000000000      0.8660254037844386    
  0.9250000000000000      0.8660254037844386    
  0.9500000000000000      0.8660254037844386    
  0.9750000000000000      0.8660254037844386    
   1.000000000000000      0.8660254037844386    
  0.1250000000000000E-01  0.8876760388790497    
  0.3750000000000000E-01  0.8876760388790497    
  0.6250000000000000E-01  0.8876760388790497    
  0.8749999999999999E-01  0.8876760388790497    
  0.1125000000000000      0.8876760388790497    
  0.1375000000000000      0.8876760388790497    
  0.1625000000000000      0.8876760388790497    
  0.1875000000000000      0.8876760388790497    
  0.2125000000000000      0.8876760388790497    
  0.2375000000000000      0.8876760388790497    
  0.2625000000000000      0.8876760388790497    
  0.2875000000000000      0.8876760388790497    
  0.3125000000000000      0.8876760388790497    
  0.3375000000000000      0.8876760388790497    
  0.3625000000000000      0.8876760388790497    
  0.3875000000000000      0.8876760388790497    
  0.4125000000000000      0.8876760388790497    
  0.4375000000000000      0.8876760388790497    
  0.4625000000000000      0.8876760388790497    
  0.4875000000000000      0.8876760388790497    
  0.5125000000000000      0.8876760388790497    
  0.5375000000000000      0.8876760388790497    
  0.5625000000000000      0.8876760388790497    
  0.5875000000000000      0.8876760388790497    
  0.6125000000000000      0.8876760388790497    
  0.6375000000000000      0.8876760388790497    
  0.6625000000000000      0.8876760388790497    
  0.6875000000000000      0.8876760388790497    
  0.7125000000000000      0.8876760388790497    
  0.7375000000000000      0.8876760388790497    
  0.7625000000000000      0.8876760388790497    
  0.7875000000000000      0.8876760388790497    
  0.8125000000000000      0.8876760388790497    
  0.8375000000000000      0.8876760388790497    
  0.8625000000000000      0.8876760388790497    
  0.8875000000000000      0.8876760388790497    
  0.9125000000000000      0.8876760388790497    
  0.9375000000000000      0.8876760388790497    
  0.9625000000000000      0.8876760388790497    
  0.9875000000000000      0.8876760388790497    
   0.000000000000000      0.9093266739736606    
  0.2500000000000000E-01  0.9093266739736606    
  0.5000000000000000E-01  0.9093266739736606    
  0.7500000000000000E-01  0.9093266739736606    
  0.1000000000000000      0.9093266739736606    
  0.1250000000000000      0.9093266739736606    
  0.1500000000000000      0.9093266739736606    
  0.1750000000000000      0.9093266739736606    
  0.2000000000000000      0.9093266739736606    
  0.2250000000000000      0.9093266739736606    
  0.2500000000000000      0.9093266739736606    
  0.2750000000000000      0.9093266739736606    
  0.3000000000000000      0.9093266739736606    
  0.3250000000000000      0.9093266739736606    
  0.3500000000000000      0.9093266739736606    
  0.3750000000000000      0.9093266739736606    
  0.4000000000000000      0.9093266739736606    
  0.4250000000000000      0.9093266739736606    
  0.4500000000000000      0.9093266739736606    
  0.4750000000000000      0.9093266739736606    
  0.5000000000000000      0.9093266739736606    
  0.5250000000000000      0.9093266739736606    
  0.5500000000000000      0.9093266739736606    
  0.5750000000000000      0.9093266739736606    
  0.6000000000000000      0.9093266739736606    
  0.6250000000000000      0.9093266739736606    
  0.6500000000000000      0.9093266739736606    
  0.6750000000000000      0.9093266739736606    
  0.7000000000000000      0.9093266739736606    
  0.7250000000000000      0.9093266739736606    
  0.7500000000000000      0.9093266739736606    
  0.7750000000000000      0.9093266739736606    
  0.8000000000000000      0.9093266739736606    
  0.8250000000000000      0.9093266739736606    
  0.8500000000000000      0.9093266739736606    
  0.8750000000000000      0.9093266739736606    
  0.9000000000000000      0.9093266739736606    
  0.9250000000000000      0.9093266739736606    
  0.9500000000000000      0.9093266739736606    
  0.9750000000000000      0.9093266739736606    
   1.000000000000000      0.9093266739736606    
  0.1250000000000000E-01  0.9309773090682716    
  0.3750000000000000E-01  0.9309773090682716    
  0.6250000000000000E-01  0.9309773090682716    
  0.8749999999999999E-01  0.9309773090682716    
  0.1125000000000000      0.9309773090682716    
  0.1375000000000000      0.9309773090682716    
  0.1625000000000000      0.9309773090682716    
  0.1875000000000000      0.9309773090682716    
  0.2125000000000000      0.9309773090682716    
  0.2375000000000000      0.9309773090682716    
  0.2625000000000000      0.9309773090682716    
  0.2875000000000000      0.9309773090682716    
  0.3125000000000000      0.9309773090682716    
  0.3375000000000000      0.9309773090682716    
  0.3625000000000000      0.9309773090682716    
  0.3875000000000000      0.9309773090682716    
  0.4125000000000000      0.9309773090682716    
  0.4375000000000000      0.9309773090682716    
  0.4625000000000000      0.9309773090682716    
  0.4875000000000000      0.9309773090682716    
  0.5125000000000000      0.9309773090682716    
  0.5375000000000000      0.9309773090682716    
  0.5625000000000000      0.9309773090682716    
  0.5875000000000000      0.9309773090682716    
  0.6125000000000000      0.9309773090682716    
  0.6375000000000000      0.9309773090682716    
  0.6625000000000000      0.9309773090682716    
  0.6875000000000000      0.9309773090682716    
  0.7125000000000000      0.9309773090682716    
  0.7375000000000000      0.9309773090682716    
  0.7625000000000000      0.9309773090682716    
  0.7875000000000000      0.9309773090682716    
  0.8125000000000000      0.9309773090682716    
  0.8375000000000000      0.9309773090682716    
  0.8625000000000000      0.9309773090682716    
  0.8875000000000000      0.9309773090682716    
  0.9125000000000000      0.9309773090682716    
  0.9375000000000000      0.9309773090682716    
  0.9625000000000000      0.9309773090682716    
  0.9875000000000000      0.9309773090682716    
   0.000000000000000      0.9526279441628825    
  0.2500000000000000E-01  0.9526279441628825    
  0.5000000000000000E-01  0.9526279441628825    
  0.7500000000000000E-01  0.9526279441628825    
  0.1000000000000000      0.9526279441628825    
  0.1250000000000000      0.9526279441628825    
  0.1500000000000000      0.9526279441628825    
  0.1750000000000000      0.9526279441628825    
  0.2000000000000000      0.9526279441628825    
  0.2250000000000000      0.9526279441628825    
  0.2500000000000000      0.9526279441628825    
  0.2750000000000000      0.9526279441628825    
  0.3000000000000000      0.9526279441628825    
  0.3250000000000000      0.9526279441628825    
  0.3500000000000000      0.9526279441628825    
  0.3750000000000000      0.9526279441628825    
  0.4000000000000000      0.9526279441628825    
  0.4250000000000000      0.9526279441628825    
  0.4500000000000000      0.9526279441628825    
  0.4750000000000000      0.9526279441628825    
  0.5000000000000000      0.9526279441628825    
  0.5250000000000000      0.9526279441628825    
  0.5500000000000000      0.9526279441628825    
  0.5750000000000000      0.9526279441628825    
  0.6000000000000000      0.9526279441628825    
  0.6250000000000000      0.9526279441628825    
  0.6500000000000000      0.9526279441628825    
  0.6750000000000000      0.9526279441628825    
  0.7000000000000000      0.9526279441628825    
  0.7250000000000000      0.9526279441628825    
  0.7500000000000000      0.9526279441628825    
  0.7750000000000000      0.9526279441628825    
  0.8000000000000000      0.9526279441628825    
  0.8250000000000000      0.9526279441628825    
  0.8500000000000000      0.9526279441628825    
  0.8750000000000000      0.9526279441628825    
  0.9000000000000000      0.9526279441628825    
  0.9250000000000000      0.9526279441628825    
  0.9500000000000000      0.9526279441628825    
  0.9750000000000000      0.9526279441628825    
   1.000000000000000      0.9526279441628825    
  0.1250000000000000E-01  0.9742785792574935    
  0.3750000000000000E-01  0.9742785792574935    
  0.6250000000000000E-01  0.9742785792574935    
  0.8749999999999999E-01  0.9742785792574935    
  0.1125000000000000      0.9742785792574935    
  0.1375000000000000      0.9742785792574935    
  0.1625000000000000      0.9742785792574935    
  0.1875000000000000      0.9742785792574935    
  0.2125000000000000      0.9742785792574935    
  0.2375000000000000      0.9742785792574935    
  0.2625000000000000      0.9742785792574935    
  0.2875000000000000      0.9742785792574935    
  0.3125000000000000      0.9742785792574935    
  0.3375000000000000      0.9742785792574935    
  0.3625000000000000      0.9742785792574935    
  0.3875000000000000      0.9742785792574935    
  0.4125000000000000      0.9742785792574935    
  0.4375000000000000      0.9742785792574935    
  0.4625000000000000      0.9742785792574935    
  0.4875000000000000      0.9742785792574935    
  0.5125000000000000      0.9742785792574935    
  0.5375000000000000      0.9742785792574935    
  0.5625000000000000      0.9742785792574935    
  0.5875000000000000      0.9742785792574935    
  0.6125000000000000      0.9742785792574935    
  0.6375000000000000      0.9742785792574935    
  0.6625000000000000      0.9742785792574935    
  0.6875000000000000      0.9742785792574935    
  0.7125000000000000      0.9742785792574935    
  0.7375000000000000      0.9742785792574935    
  0.7625000000000000      0.9742785792574935    
  0.7875000000000000      0.9742785792574935    
  0.8125000000000000      0.9742785792574935    
  0.8375000000000000      0.9742785792574935    
  0.8625000000000000      0.9742785792574935    
  0.8875000000000000      0.9742785792574935    
  0.9125000000000000      0.9742785792574935    
  0.9375000000000000      0.9742785792574935    
  0.9625000000000000      0.9742785792574935    
  0.9875000000000000      0.9742785792574935    
   0.000000000000000      0.9959292143521045    
  0.2500000000000000E-01  0.9959292143521045    
  0.5000000000000000E-01  0.9959292143521045    
  0.7500000000000000E-01  0.9959292143521045    
  0.1000000000000000      0.9959292143521045    
  0.1250000000000000      0.9959292143521045    
  0.1500000000000000      0.9959292143521045    
  0.1750000000000000      0.9959292143521045    
  0.2000000000000000      0.9959292143521045    
  0.2250000000000000      0.9959292143521045    
  0.2500000000000000      0.9959292143521045    
  0.2750000000000000      0.9959292143521045    
  0.3000000000000000      0.9959292143521045    
  0.3250000000000000      0.9959292143521045    
  0.3500000000000000      0.9959292143521045    
  0.3750000000000000      0.9959292143521045    
  0.4000000000000000      0.9959292143521045    
  0.4250000000000000      0.9959292143521045    
  0.4500000000000000      0.9959292143521045    
  0.4750000000000000      0.9959292143521045    
  0.5000000000000000      0.9959292143521045    
  0.5250000000000000      0.9959292143521045    
  0.5500000000000000      0.9959292143521045    
  0.5750000000000000      0.9959292143521045    
  0.6000000000000000      0.9959292143521045    
  0.6250000000000000      0.9959292143521045    
  0.6500000000000000      0.9959292143521045    
  0.6750000000000000      0.9959292143521045    
  0.7000000000000000      0.9959292143521045    
  0.7250000000000000      0.9959292143521045    
  0.7500000000000000      0.9959292143521045    
  0.7750000000000000      0.9959292143521045    
  0.8000000000000000      0.9959292143521045    
  0.8250000000000000      0.9959292143521045    
  0.8500000000000000      0.9959292143521045    
  0.8750000000000000      0.9959292143521045    
  0.9000000000000000      0.9959292143521045    
  0.9250000000000000      0.9959292143521045    
  0.9500000000000000      0.9959292143521045    
  0.9750000000000000      0.9959292143521045    
   1.000000000000000      0.9959292143521045    
