   0.000000000000000       0.000000000000000    
  0.1428571428571428       0.000000000000000    
  0.2857142857142857       0.000000000000000    
  0.4285714285714285       0.000000000000000    
  0.5714285714285714       0.000000000000000    
  0.7142857142857143       0.000000000000000    
  0.8571428571428571       0.000000000000000    
   1.000000000000000       0.000000000000000    
  0.7142857142857142E-01  0.1237179148263484    
  0.2142857142857143      0.1237179148263484    
  0.3571428571428572      0.1237179148263484    
  0.5000000000000000      0.1237179148263484    
  0.6428571428571429      0.1237179148263484    
  0.7857142857142857      0.1237179148263484    
  0.9285714285714286      0.1237179148263484    
   0.000000000000000      0.2474358296526967    
  0.1428571428571428      0.2474358296526967    
  0.2857142857142857      0.2474358296526967    
  0.4285714285714285      0.2474358296526967    
  0.5714285714285714      0.2474358296526967    
  0.7142857142857143      0.2474358296526967    
  0.8571428571428571      0.2474358296526967    
   1.000000000000000      0.2474358296526967    
  0.7142857142857142E-01  0.3711537444790451    
  0.2142857142857143      0.3711537444790451    
  0.3571428571428572      0.3711537444790451    
  0.5000000000000000      0.3711537444790451    
  0.6428571428571429      0.3711537444790451    
  0.7857142857142857      0.3711537444790451    
  0.9285714285714286      0.3711537444790451    
   0.000000000000000      0.4948716593053935    
  0.1428571428571428      0.4948716593053935    
  0.2857142857142857      0.4948716593053935    
  0.4285714285714285      0.4948716593053935    
  0.5714285714285714      0.4948716593053935    
  0.7142857142857143      0.4948716593053935    
  0.8571428571428571      0.4948716593053935    
   1.000000000000000      0.4948716593053935    
  0.7142857142857142E-01  0.6185895741317418    
  0.2142857142857143      0.6185895741317418    
  0.3571428571428572      0.6185895741317418    
  0.5000000000000000      0.6185895741317418    
  0.6428571428571429      0.6185895741317418    
  0.7857142857142857      0.6185895741317418    
  0.9285714285714286      0.6185895741317418    
   0.000000000000000      0.7423074889580902    
  0.1428571428571428      0.7423074889580902    
  0.2857142857142857      0.7423074889580902    
  0.4285714285714285      0.7423074889580902    
  0.5714285714285714      0.7423074889580902    
  0.7142857142857143      0.7423074889580902    
  0.8571428571428571      0.7423074889580902    
   1.000000000000000      0.7423074889580902    
  0.7142857142857142E-01  0.8660254037844386    
  0.2142857142857143      0.8660254037844386    
  0.3571428571428572      0.8660254037844386    
  0.5000000000000000      0.8660254037844386    
  0.6428571428571429      0.8660254037844386    
  0.7857142857142857      0.8660254037844386    
  0.9285714285714286      0.8660254037844386    
   0.000000000000000      0.9897433186107869    
  0.1428571428571428      0.9897433186107869    
  0.2857142857142857      0.9897433186107869    
  0.4285714285714285      0.9897433186107869    
  0.5714285714285714      0.9897433186107869    
  0.7142857142857143      0.9897433186107869    
  0.8571428571428571      0.9897433186107869    
   1.000000000000000      0.9897433186107869    
