     1.00000         2.00000    
     1.75000         2.00000    
     2.50000         2.00000    
     3.25000         2.00000    
     4.00000         2.00000    
     1.37500         2.64952    
     2.12500         2.64952    
     2.87500         2.64952    
     3.62500         2.64952    
     1.00000         3.29904    
     1.75000         3.29904    
     2.50000         3.29904    
     3.25000         3.29904    
     4.00000         3.29904    
     1.37500         3.94856    
     2.12500         3.94856    
     2.87500         3.94856    
     3.62500         3.94856    
     1.00000         4.59808    
     1.75000         4.59808    
     2.50000         4.59808    
     3.25000         4.59808    
     4.00000         4.59808    
     1.37500         5.24760    
     2.12500         5.24760    
     2.87500         5.24760    
     3.62500         5.24760    
     1.00000         5.89711    
     1.75000         5.89711    
     2.50000         5.89711    
     3.25000         5.89711    
     4.00000         5.89711    
     1.37500         6.54663    
     2.12500         6.54663    
     2.87500         6.54663    
     3.62500         6.54663    
