   0.000000000000000       0.000000000000000    
  0.2500000000000000       0.000000000000000    
  0.5000000000000000       0.000000000000000    
  0.7500000000000000       0.000000000000000    
   1.000000000000000       0.000000000000000    
  0.1250000000000000      0.2165063509461096    
  0.3750000000000000      0.2165063509461096    
  0.6250000000000000      0.2165063509461096    
  0.8750000000000000      0.2165063509461096    
   0.000000000000000      0.4330127018922193    
  0.2500000000000000      0.4330127018922193    
  0.5000000000000000      0.4330127018922193    
  0.7500000000000000      0.4330127018922193    
   1.000000000000000      0.4330127018922193    
  0.1250000000000000      0.6495190528383290    
  0.3750000000000000      0.6495190528383290    
  0.6250000000000000      0.6495190528383290    
  0.8750000000000000      0.6495190528383290    
   0.000000000000000      0.8660254037844386    
  0.2500000000000000      0.8660254037844386    
  0.5000000000000000      0.8660254037844386    
  0.7500000000000000      0.8660254037844386    
   1.000000000000000      0.8660254037844386    
