   0.000000000000000       0.000000000000000    
  0.2000000000000000       0.000000000000000    
  0.4000000000000000       0.000000000000000    
  0.6000000000000000       0.000000000000000    
  0.8000000000000000       0.000000000000000    
   1.000000000000000       0.000000000000000    
  0.1000000000000000      0.1732050807568877    
  0.3000000000000000      0.1732050807568877    
  0.5000000000000000      0.1732050807568877    
  0.7000000000000000      0.1732050807568877    
  0.9000000000000000      0.1732050807568877    
   0.000000000000000      0.3464101615137755    
  0.2000000000000000      0.3464101615137755    
  0.4000000000000000      0.3464101615137755    
  0.6000000000000000      0.3464101615137755    
  0.8000000000000000      0.3464101615137755    
   1.000000000000000      0.3464101615137755    
  0.1000000000000000      0.5196152422706632    
  0.3000000000000000      0.5196152422706632    
  0.5000000000000000      0.5196152422706632    
  0.7000000000000000      0.5196152422706632    
  0.9000000000000000      0.5196152422706632    
   0.000000000000000      0.6928203230275509    
  0.2000000000000000      0.6928203230275509    
  0.4000000000000000      0.6928203230275509    
  0.6000000000000000      0.6928203230275509    
  0.8000000000000000      0.6928203230275509    
   1.000000000000000      0.6928203230275509    
  0.1000000000000000      0.8660254037844386    
  0.3000000000000000      0.8660254037844386    
  0.5000000000000000      0.8660254037844386    
  0.7000000000000000      0.8660254037844386    
  0.9000000000000000      0.8660254037844386    
