   0.000000000000000       0.000000000000000    
  0.1000000000000000       0.000000000000000    
  0.2000000000000000       0.000000000000000    
  0.3000000000000000       0.000000000000000    
  0.4000000000000000       0.000000000000000    
  0.5000000000000000       0.000000000000000    
  0.6000000000000000       0.000000000000000    
  0.7000000000000000       0.000000000000000    
  0.8000000000000000       0.000000000000000    
  0.9000000000000000       0.000000000000000    
   1.000000000000000       0.000000000000000    
  0.5000000000000000E-01  0.8660254037844387E-01
  0.1500000000000000      0.8660254037844387E-01
  0.2500000000000000      0.8660254037844387E-01
  0.3500000000000000      0.8660254037844387E-01
  0.4500000000000000      0.8660254037844387E-01
  0.5500000000000000      0.8660254037844387E-01
  0.6500000000000000      0.8660254037844387E-01
  0.7500000000000000      0.8660254037844387E-01
  0.8500000000000000      0.8660254037844387E-01
  0.9500000000000000      0.8660254037844387E-01
   0.000000000000000      0.1732050807568877    
  0.1000000000000000      0.1732050807568877    
  0.2000000000000000      0.1732050807568877    
  0.3000000000000000      0.1732050807568877    
  0.4000000000000000      0.1732050807568877    
  0.5000000000000000      0.1732050807568877    
  0.6000000000000000      0.1732050807568877    
  0.7000000000000000      0.1732050807568877    
  0.8000000000000000      0.1732050807568877    
  0.9000000000000000      0.1732050807568877    
   1.000000000000000      0.1732050807568877    
  0.5000000000000000E-01  0.2598076211353316    
  0.1500000000000000      0.2598076211353316    
  0.2500000000000000      0.2598076211353316    
  0.3500000000000000      0.2598076211353316    
  0.4500000000000000      0.2598076211353316    
  0.5500000000000000      0.2598076211353316    
  0.6500000000000000      0.2598076211353316    
  0.7500000000000000      0.2598076211353316    
  0.8500000000000000      0.2598076211353316    
  0.9500000000000000      0.2598076211353316    
   0.000000000000000      0.3464101615137755    
  0.1000000000000000      0.3464101615137755    
  0.2000000000000000      0.3464101615137755    
  0.3000000000000000      0.3464101615137755    
  0.4000000000000000      0.3464101615137755    
  0.5000000000000000      0.3464101615137755    
  0.6000000000000000      0.3464101615137755    
  0.7000000000000000      0.3464101615137755    
  0.8000000000000000      0.3464101615137755    
  0.9000000000000000      0.3464101615137755    
   1.000000000000000      0.3464101615137755    
  0.5000000000000000E-01  0.4330127018922193    
  0.1500000000000000      0.4330127018922193    
  0.2500000000000000      0.4330127018922193    
  0.3500000000000000      0.4330127018922193    
  0.4500000000000000      0.4330127018922193    
  0.5500000000000000      0.4330127018922193    
  0.6500000000000000      0.4330127018922193    
  0.7500000000000000      0.4330127018922193    
  0.8500000000000000      0.4330127018922193    
  0.9500000000000000      0.4330127018922193    
   0.000000000000000      0.5196152422706632    
  0.1000000000000000      0.5196152422706632    
  0.2000000000000000      0.5196152422706632    
  0.3000000000000000      0.5196152422706632    
  0.4000000000000000      0.5196152422706632    
  0.5000000000000000      0.5196152422706632    
  0.6000000000000000      0.5196152422706632    
  0.7000000000000000      0.5196152422706632    
  0.8000000000000000      0.5196152422706632    
  0.9000000000000000      0.5196152422706632    
   1.000000000000000      0.5196152422706632    
  0.5000000000000000E-01  0.6062177826491071    
  0.1500000000000000      0.6062177826491071    
  0.2500000000000000      0.6062177826491071    
  0.3500000000000000      0.6062177826491071    
  0.4500000000000000      0.6062177826491071    
  0.5500000000000000      0.6062177826491071    
  0.6500000000000000      0.6062177826491071    
  0.7500000000000000      0.6062177826491071    
  0.8500000000000000      0.6062177826491071    
  0.9500000000000000      0.6062177826491071    
   0.000000000000000      0.6928203230275509    
  0.1000000000000000      0.6928203230275509    
  0.2000000000000000      0.6928203230275509    
  0.3000000000000000      0.6928203230275509    
  0.4000000000000000      0.6928203230275509    
  0.5000000000000000      0.6928203230275509    
  0.6000000000000000      0.6928203230275509    
  0.7000000000000000      0.6928203230275509    
  0.8000000000000000      0.6928203230275509    
  0.9000000000000000      0.6928203230275509    
   1.000000000000000      0.6928203230275509    
  0.5000000000000000E-01  0.7794228634059948    
  0.1500000000000000      0.7794228634059948    
  0.2500000000000000      0.7794228634059948    
  0.3500000000000000      0.7794228634059948    
  0.4500000000000000      0.7794228634059948    
  0.5500000000000000      0.7794228634059948    
  0.6500000000000000      0.7794228634059948    
  0.7500000000000000      0.7794228634059948    
  0.8500000000000000      0.7794228634059948    
  0.9500000000000000      0.7794228634059948    
   0.000000000000000      0.8660254037844386    
  0.1000000000000000      0.8660254037844386    
  0.2000000000000000      0.8660254037844386    
  0.3000000000000000      0.8660254037844386    
  0.4000000000000000      0.8660254037844386    
  0.5000000000000000      0.8660254037844386    
  0.6000000000000000      0.8660254037844386    
  0.7000000000000000      0.8660254037844386    
  0.8000000000000000      0.8660254037844386    
  0.9000000000000000      0.8660254037844386    
   1.000000000000000      0.8660254037844386    
  0.5000000000000000E-01  0.9526279441628825    
  0.1500000000000000      0.9526279441628825    
  0.2500000000000000      0.9526279441628825    
  0.3500000000000000      0.9526279441628825    
  0.4500000000000000      0.9526279441628825    
  0.5500000000000000      0.9526279441628825    
  0.6500000000000000      0.9526279441628825    
  0.7500000000000000      0.9526279441628825    
  0.8500000000000000      0.9526279441628825    
  0.9500000000000000      0.9526279441628825    
