     1.00000         2.00000    
     1.60000         2.00000    
     2.20000         2.00000    
     2.80000         2.00000    
     3.40000         2.00000    
     4.00000         2.00000    
     1.30000         2.51962    
     1.90000         2.51962    
     2.50000         2.51962    
     3.10000         2.51962    
     3.70000         2.51962    
     1.00000         3.03923    
     1.60000         3.03923    
     2.20000         3.03923    
     2.80000         3.03923    
     3.40000         3.03923    
     4.00000         3.03923    
     1.30000         3.55885    
     1.90000         3.55885    
     2.50000         3.55885    
     3.10000         3.55885    
     3.70000         3.55885    
     1.00000         4.07846    
     1.60000         4.07846    
     2.20000         4.07846    
     2.80000         4.07846    
     3.40000         4.07846    
     4.00000         4.07846    
     1.30000         4.59808    
     1.90000         4.59808    
     2.50000         4.59808    
     3.10000         4.59808    
     3.70000         4.59808    
     1.00000         5.11769    
     1.60000         5.11769    
     2.20000         5.11769    
     2.80000         5.11769    
     3.40000         5.11769    
     4.00000         5.11769    
     1.30000         5.63731    
     1.90000         5.63731    
     2.50000         5.63731    
     3.10000         5.63731    
     3.70000         5.63731    
     1.00000         6.15692    
     1.60000         6.15692    
     2.20000         6.15692    
     2.80000         6.15692    
     3.40000         6.15692    
     4.00000         6.15692    
     1.30000         6.67654    
     1.90000         6.67654    
     2.50000         6.67654    
     3.10000         6.67654    
     3.70000         6.67654    
