     1.00000         2.00000    
     1.37500         2.00000    
     1.75000         2.00000    
     2.12500         2.00000    
     2.50000         2.00000    
     2.87500         2.00000    
     3.25000         2.00000    
     3.62500         2.00000    
     4.00000         2.00000    
     1.18750         2.32476    
     1.56250         2.32476    
     1.93750         2.32476    
     2.31250         2.32476    
     2.68750         2.32476    
     3.06250         2.32476    
     3.43750         2.32476    
     3.81250         2.32476    
     1.00000         2.64952    
     1.37500         2.64952    
     1.75000         2.64952    
     2.12500         2.64952    
     2.50000         2.64952    
     2.87500         2.64952    
     3.25000         2.64952    
     3.62500         2.64952    
     4.00000         2.64952    
     1.18750         2.97428    
     1.56250         2.97428    
     1.93750         2.97428    
     2.31250         2.97428    
     2.68750         2.97428    
     3.06250         2.97428    
     3.43750         2.97428    
     3.81250         2.97428    
     1.00000         3.29904    
     1.37500         3.29904    
     1.75000         3.29904    
     2.12500         3.29904    
     2.50000         3.29904    
     2.87500         3.29904    
     3.25000         3.29904    
     3.62500         3.29904    
     4.00000         3.29904    
     1.18750         3.62380    
     1.56250         3.62380    
     1.93750         3.62380    
     2.31250         3.62380    
     2.68750         3.62380    
     3.06250         3.62380    
     3.43750         3.62380    
     3.81250         3.62380    
     1.00000         3.94856    
     1.37500         3.94856    
     1.75000         3.94856    
     2.12500         3.94856    
     2.50000         3.94856    
     2.87500         3.94856    
     3.25000         3.94856    
     3.62500         3.94856    
     4.00000         3.94856    
     1.18750         4.27332    
     1.56250         4.27332    
     1.93750         4.27332    
     2.31250         4.27332    
     2.68750         4.27332    
     3.06250         4.27332    
     3.43750         4.27332    
     3.81250         4.27332    
     1.00000         4.59808    
     1.37500         4.59808    
     1.75000         4.59808    
     2.12500         4.59808    
     2.50000         4.59808    
     2.87500         4.59808    
     3.25000         4.59808    
     3.62500         4.59808    
     4.00000         4.59808    
     1.18750         4.92284    
     1.56250         4.92284    
     1.93750         4.92284    
     2.31250         4.92284    
     2.68750         4.92284    
     3.06250         4.92284    
     3.43750         4.92284    
     3.81250         4.92284    
     1.00000         5.24760    
     1.37500         5.24760    
     1.75000         5.24760    
     2.12500         5.24760    
     2.50000         5.24760    
     2.87500         5.24760    
     3.25000         5.24760    
     3.62500         5.24760    
     4.00000         5.24760    
     1.18750         5.57235    
     1.56250         5.57235    
     1.93750         5.57235    
     2.31250         5.57235    
     2.68750         5.57235    
     3.06250         5.57235    
     3.43750         5.57235    
     3.81250         5.57235    
     1.00000         5.89711    
     1.37500         5.89711    
     1.75000         5.89711    
     2.12500         5.89711    
     2.50000         5.89711    
     2.87500         5.89711    
     3.25000         5.89711    
     3.62500         5.89711    
     4.00000         5.89711    
     1.18750         6.22187    
     1.56250         6.22187    
     1.93750         6.22187    
     2.31250         6.22187    
     2.68750         6.22187    
     3.06250         6.22187    
     3.43750         6.22187    
     3.81250         6.22187    
     1.00000         6.54663    
     1.37500         6.54663    
     1.75000         6.54663    
     2.12500         6.54663    
     2.50000         6.54663    
     2.87500         6.54663    
     3.25000         6.54663    
     3.62500         6.54663    
     4.00000         6.54663    
     1.18750         6.87139    
     1.56250         6.87139    
     1.93750         6.87139    
     2.31250         6.87139    
     2.68750         6.87139    
     3.06250         6.87139    
     3.43750         6.87139    
     3.81250         6.87139    
