     1.00000         2.00000    
     1.50000         2.00000    
     2.00000         2.00000    
     2.50000         2.00000    
     3.00000         2.00000    
     3.50000         2.00000    
     4.00000         2.00000    
     1.25000         2.43301    
     1.75000         2.43301    
     2.25000         2.43301    
     2.75000         2.43301    
     3.25000         2.43301    
     3.75000         2.43301    
     1.00000         2.86603    
     1.50000         2.86603    
     2.00000         2.86603    
     2.50000         2.86603    
     3.00000         2.86603    
     3.50000         2.86603    
     4.00000         2.86603    
     1.25000         3.29904    
     1.75000         3.29904    
     2.25000         3.29904    
     2.75000         3.29904    
     3.25000         3.29904    
     3.75000         3.29904    
     1.00000         3.73205    
     1.50000         3.73205    
     2.00000         3.73205    
     2.50000         3.73205    
     3.00000         3.73205    
     3.50000         3.73205    
     4.00000         3.73205    
     1.25000         4.16506    
     1.75000         4.16506    
     2.25000         4.16506    
     2.75000         4.16506    
     3.25000         4.16506    
     3.75000         4.16506    
     1.00000         4.59808    
     1.50000         4.59808    
     2.00000         4.59808    
     2.50000         4.59808    
     3.00000         4.59808    
     3.50000         4.59808    
     4.00000         4.59808    
     1.25000         5.03109    
     1.75000         5.03109    
     2.25000         5.03109    
     2.75000         5.03109    
     3.25000         5.03109    
     3.75000         5.03109    
     1.00000         5.46410    
     1.50000         5.46410    
     2.00000         5.46410    
     2.50000         5.46410    
     3.00000         5.46410    
     3.50000         5.46410    
     4.00000         5.46410    
     1.25000         5.89711    
     1.75000         5.89711    
     2.25000         5.89711    
     2.75000         5.89711    
     3.25000         5.89711    
     3.75000         5.89711    
     1.00000         6.33013    
     1.50000         6.33013    
     2.00000         6.33013    
     2.50000         6.33013    
     3.00000         6.33013    
     3.50000         6.33013    
     4.00000         6.33013    
     1.25000         6.76314    
     1.75000         6.76314    
     2.25000         6.76314    
     2.75000         6.76314    
     3.25000         6.76314    
     3.75000         6.76314    
