   0.000000000000000       0.000000000000000    
  0.1666666666666667       0.000000000000000    
  0.3333333333333333       0.000000000000000    
  0.5000000000000000       0.000000000000000    
  0.6666666666666666       0.000000000000000    
  0.8333333333333334       0.000000000000000    
   1.000000000000000       0.000000000000000    
  0.8333333333333333E-01  0.1443375672974064    
  0.2500000000000000      0.1443375672974064    
  0.4166666666666667      0.1443375672974064    
  0.5833333333333334      0.1443375672974064    
  0.7500000000000000      0.1443375672974064    
  0.9166666666666666      0.1443375672974064    
   0.000000000000000      0.2886751345948129    
  0.1666666666666667      0.2886751345948129    
  0.3333333333333333      0.2886751345948129    
  0.5000000000000000      0.2886751345948129    
  0.6666666666666666      0.2886751345948129    
  0.8333333333333334      0.2886751345948129    
   1.000000000000000      0.2886751345948129    
  0.8333333333333333E-01  0.4330127018922193    
  0.2500000000000000      0.4330127018922193    
  0.4166666666666667      0.4330127018922193    
  0.5833333333333334      0.4330127018922193    
  0.7500000000000000      0.4330127018922193    
  0.9166666666666666      0.4330127018922193    
   0.000000000000000      0.5773502691896257    
  0.1666666666666667      0.5773502691896257    
  0.3333333333333333      0.5773502691896257    
  0.5000000000000000      0.5773502691896257    
  0.6666666666666666      0.5773502691896257    
  0.8333333333333334      0.5773502691896257    
   1.000000000000000      0.5773502691896257    
  0.8333333333333333E-01  0.7216878364870322    
  0.2500000000000000      0.7216878364870322    
  0.4166666666666667      0.7216878364870322    
  0.5833333333333334      0.7216878364870322    
  0.7500000000000000      0.7216878364870322    
  0.9166666666666666      0.7216878364870322    
   0.000000000000000      0.8660254037844386    
  0.1666666666666667      0.8660254037844386    
  0.3333333333333333      0.8660254037844386    
  0.5000000000000000      0.8660254037844386    
  0.6666666666666666      0.8660254037844386    
  0.8333333333333334      0.8660254037844386    
   1.000000000000000      0.8660254037844386    
