     1.00000         2.00000    
     1.15000         2.00000    
     1.30000         2.00000    
     1.45000         2.00000    
     1.60000         2.00000    
     1.75000         2.00000    
     1.90000         2.00000    
     2.05000         2.00000    
     2.20000         2.00000    
     2.35000         2.00000    
     2.50000         2.00000    
     2.65000         2.00000    
     2.80000         2.00000    
     2.95000         2.00000    
     3.10000         2.00000    
     3.25000         2.00000    
     3.40000         2.00000    
     3.55000         2.00000    
     3.70000         2.00000    
     3.85000         2.00000    
     4.00000         2.00000    
     1.07500         2.12990    
     1.22500         2.12990    
     1.37500         2.12990    
     1.52500         2.12990    
     1.67500         2.12990    
     1.82500         2.12990    
     1.97500         2.12990    
     2.12500         2.12990    
     2.27500         2.12990    
     2.42500         2.12990    
     2.57500         2.12990    
     2.72500         2.12990    
     2.87500         2.12990    
     3.02500         2.12990    
     3.17500         2.12990    
     3.32500         2.12990    
     3.47500         2.12990    
     3.62500         2.12990    
     3.77500         2.12990    
     3.92500         2.12990    
     1.00000         2.25981    
     1.15000         2.25981    
     1.30000         2.25981    
     1.45000         2.25981    
     1.60000         2.25981    
     1.75000         2.25981    
     1.90000         2.25981    
     2.05000         2.25981    
     2.20000         2.25981    
     2.35000         2.25981    
     2.50000         2.25981    
     2.65000         2.25981    
     2.80000         2.25981    
     2.95000         2.25981    
     3.10000         2.25981    
     3.25000         2.25981    
     3.40000         2.25981    
     3.55000         2.25981    
     3.70000         2.25981    
     3.85000         2.25981    
     4.00000         2.25981    
     1.07500         2.38971    
     1.22500         2.38971    
     1.37500         2.38971    
     1.52500         2.38971    
     1.67500         2.38971    
     1.82500         2.38971    
     1.97500         2.38971    
     2.12500         2.38971    
     2.27500         2.38971    
     2.42500         2.38971    
     2.57500         2.38971    
     2.72500         2.38971    
     2.87500         2.38971    
     3.02500         2.38971    
     3.17500         2.38971    
     3.32500         2.38971    
     3.47500         2.38971    
     3.62500         2.38971    
     3.77500         2.38971    
     3.92500         2.38971    
     1.00000         2.51962    
     1.15000         2.51962    
     1.30000         2.51962    
     1.45000         2.51962    
     1.60000         2.51962    
     1.75000         2.51962    
     1.90000         2.51962    
     2.05000         2.51962    
     2.20000         2.51962    
     2.35000         2.51962    
     2.50000         2.51962    
     2.65000         2.51962    
     2.80000         2.51962    
     2.95000         2.51962    
     3.10000         2.51962    
     3.25000         2.51962    
     3.40000         2.51962    
     3.55000         2.51962    
     3.70000         2.51962    
     3.85000         2.51962    
     4.00000         2.51962    
     1.07500         2.64952    
     1.22500         2.64952    
     1.37500         2.64952    
     1.52500         2.64952    
     1.67500         2.64952    
     1.82500         2.64952    
     1.97500         2.64952    
     2.12500         2.64952    
     2.27500         2.64952    
     2.42500         2.64952    
     2.57500         2.64952    
     2.72500         2.64952    
     2.87500         2.64952    
     3.02500         2.64952    
     3.17500         2.64952    
     3.32500         2.64952    
     3.47500         2.64952    
     3.62500         2.64952    
     3.77500         2.64952    
     3.92500         2.64952    
     1.00000         2.77942    
     1.15000         2.77942    
     1.30000         2.77942    
     1.45000         2.77942    
     1.60000         2.77942    
     1.75000         2.77942    
     1.90000         2.77942    
     2.05000         2.77942    
     2.20000         2.77942    
     2.35000         2.77942    
     2.50000         2.77942    
     2.65000         2.77942    
     2.80000         2.77942    
     2.95000         2.77942    
     3.10000         2.77942    
     3.25000         2.77942    
     3.40000         2.77942    
     3.55000         2.77942    
     3.70000         2.77942    
     3.85000         2.77942    
     4.00000         2.77942    
     1.07500         2.90933    
     1.22500         2.90933    
     1.37500         2.90933    
     1.52500         2.90933    
     1.67500         2.90933    
     1.82500         2.90933    
     1.97500         2.90933    
     2.12500         2.90933    
     2.27500         2.90933    
     2.42500         2.90933    
     2.57500         2.90933    
     2.72500         2.90933    
     2.87500         2.90933    
     3.02500         2.90933    
     3.17500         2.90933    
     3.32500         2.90933    
     3.47500         2.90933    
     3.62500         2.90933    
     3.77500         2.90933    
     3.92500         2.90933    
     1.00000         3.03923    
     1.15000         3.03923    
     1.30000         3.03923    
     1.45000         3.03923    
     1.60000         3.03923    
     1.75000         3.03923    
     1.90000         3.03923    
     2.05000         3.03923    
     2.20000         3.03923    
     2.35000         3.03923    
     2.50000         3.03923    
     2.65000         3.03923    
     2.80000         3.03923    
     2.95000         3.03923    
     3.10000         3.03923    
     3.25000         3.03923    
     3.40000         3.03923    
     3.55000         3.03923    
     3.70000         3.03923    
     3.85000         3.03923    
     4.00000         3.03923    
     1.07500         3.16913    
     1.22500         3.16913    
     1.37500         3.16913    
     1.52500         3.16913    
     1.67500         3.16913    
     1.82500         3.16913    
     1.97500         3.16913    
     2.12500         3.16913    
     2.27500         3.16913    
     2.42500         3.16913    
     2.57500         3.16913    
     2.72500         3.16913    
     2.87500         3.16913    
     3.02500         3.16913    
     3.17500         3.16913    
     3.32500         3.16913    
     3.47500         3.16913    
     3.62500         3.16913    
     3.77500         3.16913    
     3.92500         3.16913    
     1.00000         3.29904    
     1.15000         3.29904    
     1.30000         3.29904    
     1.45000         3.29904    
     1.60000         3.29904    
     1.75000         3.29904    
     1.90000         3.29904    
     2.05000         3.29904    
     2.20000         3.29904    
     2.35000         3.29904    
     2.50000         3.29904    
     2.65000         3.29904    
     2.80000         3.29904    
     2.95000         3.29904    
     3.10000         3.29904    
     3.25000         3.29904    
     3.40000         3.29904    
     3.55000         3.29904    
     3.70000         3.29904    
     3.85000         3.29904    
     4.00000         3.29904    
     1.07500         3.42894    
     1.22500         3.42894    
     1.37500         3.42894    
     1.52500         3.42894    
     1.67500         3.42894    
     1.82500         3.42894    
     1.97500         3.42894    
     2.12500         3.42894    
     2.27500         3.42894    
     2.42500         3.42894    
     2.57500         3.42894    
     2.72500         3.42894    
     2.87500         3.42894    
     3.02500         3.42894    
     3.17500         3.42894    
     3.32500         3.42894    
     3.47500         3.42894    
     3.62500         3.42894    
     3.77500         3.42894    
     3.92500         3.42894    
     1.00000         3.55885    
     1.15000         3.55885    
     1.30000         3.55885    
     1.45000         3.55885    
     1.60000         3.55885    
     1.75000         3.55885    
     1.90000         3.55885    
     2.05000         3.55885    
     2.20000         3.55885    
     2.35000         3.55885    
     2.50000         3.55885    
     2.65000         3.55885    
     2.80000         3.55885    
     2.95000         3.55885    
     3.10000         3.55885    
     3.25000         3.55885    
     3.40000         3.55885    
     3.55000         3.55885    
     3.70000         3.55885    
     3.85000         3.55885    
     4.00000         3.55885    
     1.07500         3.68875    
     1.22500         3.68875    
     1.37500         3.68875    
     1.52500         3.68875    
     1.67500         3.68875    
     1.82500         3.68875    
     1.97500         3.68875    
     2.12500         3.68875    
     2.27500         3.68875    
     2.42500         3.68875    
     2.57500         3.68875    
     2.72500         3.68875    
     2.87500         3.68875    
     3.02500         3.68875    
     3.17500         3.68875    
     3.32500         3.68875    
     3.47500         3.68875    
     3.62500         3.68875    
     3.77500         3.68875    
     3.92500         3.68875    
     1.00000         3.81865    
     1.15000         3.81865    
     1.30000         3.81865    
     1.45000         3.81865    
     1.60000         3.81865    
     1.75000         3.81865    
     1.90000         3.81865    
     2.05000         3.81865    
     2.20000         3.81865    
     2.35000         3.81865    
     2.50000         3.81865    
     2.65000         3.81865    
     2.80000         3.81865    
     2.95000         3.81865    
     3.10000         3.81865    
     3.25000         3.81865    
     3.40000         3.81865    
     3.55000         3.81865    
     3.70000         3.81865    
     3.85000         3.81865    
     4.00000         3.81865    
     1.07500         3.94856    
     1.22500         3.94856    
     1.37500         3.94856    
     1.52500         3.94856    
     1.67500         3.94856    
     1.82500         3.94856    
     1.97500         3.94856    
     2.12500         3.94856    
     2.27500         3.94856    
     2.42500         3.94856    
     2.57500         3.94856    
     2.72500         3.94856    
     2.87500         3.94856    
     3.02500         3.94856    
     3.17500         3.94856    
     3.32500         3.94856    
     3.47500         3.94856    
     3.62500         3.94856    
     3.77500         3.94856    
     3.92500         3.94856    
     1.00000         4.07846    
     1.15000         4.07846    
     1.30000         4.07846    
     1.45000         4.07846    
     1.60000         4.07846    
     1.75000         4.07846    
     1.90000         4.07846    
     2.05000         4.07846    
     2.20000         4.07846    
     2.35000         4.07846    
     2.50000         4.07846    
     2.65000         4.07846    
     2.80000         4.07846    
     2.95000         4.07846    
     3.10000         4.07846    
     3.25000         4.07846    
     3.40000         4.07846    
     3.55000         4.07846    
     3.70000         4.07846    
     3.85000         4.07846    
     4.00000         4.07846    
     1.07500         4.20836    
     1.22500         4.20836    
     1.37500         4.20836    
     1.52500         4.20836    
     1.67500         4.20836    
     1.82500         4.20836    
     1.97500         4.20836    
     2.12500         4.20836    
     2.27500         4.20836    
     2.42500         4.20836    
     2.57500         4.20836    
     2.72500         4.20836    
     2.87500         4.20836    
     3.02500         4.20836    
     3.17500         4.20836    
     3.32500         4.20836    
     3.47500         4.20836    
     3.62500         4.20836    
     3.77500         4.20836    
     3.92500         4.20836    
     1.00000         4.33827    
     1.15000         4.33827    
     1.30000         4.33827    
     1.45000         4.33827    
     1.60000         4.33827    
     1.75000         4.33827    
     1.90000         4.33827    
     2.05000         4.33827    
     2.20000         4.33827    
     2.35000         4.33827    
     2.50000         4.33827    
     2.65000         4.33827    
     2.80000         4.33827    
     2.95000         4.33827    
     3.10000         4.33827    
     3.25000         4.33827    
     3.40000         4.33827    
     3.55000         4.33827    
     3.70000         4.33827    
     3.85000         4.33827    
     4.00000         4.33827    
     1.07500         4.46817    
     1.22500         4.46817    
     1.37500         4.46817    
     1.52500         4.46817    
     1.67500         4.46817    
     1.82500         4.46817    
     1.97500         4.46817    
     2.12500         4.46817    
     2.27500         4.46817    
     2.42500         4.46817    
     2.57500         4.46817    
     2.72500         4.46817    
     2.87500         4.46817    
     3.02500         4.46817    
     3.17500         4.46817    
     3.32500         4.46817    
     3.47500         4.46817    
     3.62500         4.46817    
     3.77500         4.46817    
     3.92500         4.46817    
     1.00000         4.59808    
     1.15000         4.59808    
     1.30000         4.59808    
     1.45000         4.59808    
     1.60000         4.59808    
     1.75000         4.59808    
     1.90000         4.59808    
     2.05000         4.59808    
     2.20000         4.59808    
     2.35000         4.59808    
     2.50000         4.59808    
     2.65000         4.59808    
     2.80000         4.59808    
     2.95000         4.59808    
     3.10000         4.59808    
     3.25000         4.59808    
     3.40000         4.59808    
     3.55000         4.59808    
     3.70000         4.59808    
     3.85000         4.59808    
     4.00000         4.59808    
     1.07500         4.72798    
     1.22500         4.72798    
     1.37500         4.72798    
     1.52500         4.72798    
     1.67500         4.72798    
     1.82500         4.72798    
     1.97500         4.72798    
     2.12500         4.72798    
     2.27500         4.72798    
     2.42500         4.72798    
     2.57500         4.72798    
     2.72500         4.72798    
     2.87500         4.72798    
     3.02500         4.72798    
     3.17500         4.72798    
     3.32500         4.72798    
     3.47500         4.72798    
     3.62500         4.72798    
     3.77500         4.72798    
     3.92500         4.72798    
     1.00000         4.85788    
     1.15000         4.85788    
     1.30000         4.85788    
     1.45000         4.85788    
     1.60000         4.85788    
     1.75000         4.85788    
     1.90000         4.85788    
     2.05000         4.85788    
     2.20000         4.85788    
     2.35000         4.85788    
     2.50000         4.85788    
     2.65000         4.85788    
     2.80000         4.85788    
     2.95000         4.85788    
     3.10000         4.85788    
     3.25000         4.85788    
     3.40000         4.85788    
     3.55000         4.85788    
     3.70000         4.85788    
     3.85000         4.85788    
     4.00000         4.85788    
     1.07500         4.98779    
     1.22500         4.98779    
     1.37500         4.98779    
     1.52500         4.98779    
     1.67500         4.98779    
     1.82500         4.98779    
     1.97500         4.98779    
     2.12500         4.98779    
     2.27500         4.98779    
     2.42500         4.98779    
     2.57500         4.98779    
     2.72500         4.98779    
     2.87500         4.98779    
     3.02500         4.98779    
     3.17500         4.98779    
     3.32500         4.98779    
     3.47500         4.98779    
     3.62500         4.98779    
     3.77500         4.98779    
     3.92500         4.98779    
     1.00000         5.11769    
     1.15000         5.11769    
     1.30000         5.11769    
     1.45000         5.11769    
     1.60000         5.11769    
     1.75000         5.11769    
     1.90000         5.11769    
     2.05000         5.11769    
     2.20000         5.11769    
     2.35000         5.11769    
     2.50000         5.11769    
     2.65000         5.11769    
     2.80000         5.11769    
     2.95000         5.11769    
     3.10000         5.11769    
     3.25000         5.11769    
     3.40000         5.11769    
     3.55000         5.11769    
     3.70000         5.11769    
     3.85000         5.11769    
     4.00000         5.11769    
     1.07500         5.24760    
     1.22500         5.24760    
     1.37500         5.24760    
     1.52500         5.24760    
     1.67500         5.24760    
     1.82500         5.24760    
     1.97500         5.24760    
     2.12500         5.24760    
     2.27500         5.24760    
     2.42500         5.24760    
     2.57500         5.24760    
     2.72500         5.24760    
     2.87500         5.24760    
     3.02500         5.24760    
     3.17500         5.24760    
     3.32500         5.24760    
     3.47500         5.24760    
     3.62500         5.24760    
     3.77500         5.24760    
     3.92500         5.24760    
     1.00000         5.37750    
     1.15000         5.37750    
     1.30000         5.37750    
     1.45000         5.37750    
     1.60000         5.37750    
     1.75000         5.37750    
     1.90000         5.37750    
     2.05000         5.37750    
     2.20000         5.37750    
     2.35000         5.37750    
     2.50000         5.37750    
     2.65000         5.37750    
     2.80000         5.37750    
     2.95000         5.37750    
     3.10000         5.37750    
     3.25000         5.37750    
     3.40000         5.37750    
     3.55000         5.37750    
     3.70000         5.37750    
     3.85000         5.37750    
     4.00000         5.37750    
     1.07500         5.50740    
     1.22500         5.50740    
     1.37500         5.50740    
     1.52500         5.50740    
     1.67500         5.50740    
     1.82500         5.50740    
     1.97500         5.50740    
     2.12500         5.50740    
     2.27500         5.50740    
     2.42500         5.50740    
     2.57500         5.50740    
     2.72500         5.50740    
     2.87500         5.50740    
     3.02500         5.50740    
     3.17500         5.50740    
     3.32500         5.50740    
     3.47500         5.50740    
     3.62500         5.50740    
     3.77500         5.50740    
     3.92500         5.50740    
     1.00000         5.63731    
     1.15000         5.63731    
     1.30000         5.63731    
     1.45000         5.63731    
     1.60000         5.63731    
     1.75000         5.63731    
     1.90000         5.63731    
     2.05000         5.63731    
     2.20000         5.63731    
     2.35000         5.63731    
     2.50000         5.63731    
     2.65000         5.63731    
     2.80000         5.63731    
     2.95000         5.63731    
     3.10000         5.63731    
     3.25000         5.63731    
     3.40000         5.63731    
     3.55000         5.63731    
     3.70000         5.63731    
     3.85000         5.63731    
     4.00000         5.63731    
     1.07500         5.76721    
     1.22500         5.76721    
     1.37500         5.76721    
     1.52500         5.76721    
     1.67500         5.76721    
     1.82500         5.76721    
     1.97500         5.76721    
     2.12500         5.76721    
     2.27500         5.76721    
     2.42500         5.76721    
     2.57500         5.76721    
     2.72500         5.76721    
     2.87500         5.76721    
     3.02500         5.76721    
     3.17500         5.76721    
     3.32500         5.76721    
     3.47500         5.76721    
     3.62500         5.76721    
     3.77500         5.76721    
     3.92500         5.76721    
     1.00000         5.89711    
     1.15000         5.89711    
     1.30000         5.89711    
     1.45000         5.89711    
     1.60000         5.89711    
     1.75000         5.89711    
     1.90000         5.89711    
     2.05000         5.89711    
     2.20000         5.89711    
     2.35000         5.89711    
     2.50000         5.89711    
     2.65000         5.89711    
     2.80000         5.89711    
     2.95000         5.89711    
     3.10000         5.89711    
     3.25000         5.89711    
     3.40000         5.89711    
     3.55000         5.89711    
     3.70000         5.89711    
     3.85000         5.89711    
     4.00000         5.89711    
     1.07500         6.02702    
     1.22500         6.02702    
     1.37500         6.02702    
     1.52500         6.02702    
     1.67500         6.02702    
     1.82500         6.02702    
     1.97500         6.02702    
     2.12500         6.02702    
     2.27500         6.02702    
     2.42500         6.02702    
     2.57500         6.02702    
     2.72500         6.02702    
     2.87500         6.02702    
     3.02500         6.02702    
     3.17500         6.02702    
     3.32500         6.02702    
     3.47500         6.02702    
     3.62500         6.02702    
     3.77500         6.02702    
     3.92500         6.02702    
     1.00000         6.15692    
     1.15000         6.15692    
     1.30000         6.15692    
     1.45000         6.15692    
     1.60000         6.15692    
     1.75000         6.15692    
     1.90000         6.15692    
     2.05000         6.15692    
     2.20000         6.15692    
     2.35000         6.15692    
     2.50000         6.15692    
     2.65000         6.15692    
     2.80000         6.15692    
     2.95000         6.15692    
     3.10000         6.15692    
     3.25000         6.15692    
     3.40000         6.15692    
     3.55000         6.15692    
     3.70000         6.15692    
     3.85000         6.15692    
     4.00000         6.15692    
     1.07500         6.28683    
     1.22500         6.28683    
     1.37500         6.28683    
     1.52500         6.28683    
     1.67500         6.28683    
     1.82500         6.28683    
     1.97500         6.28683    
     2.12500         6.28683    
     2.27500         6.28683    
     2.42500         6.28683    
     2.57500         6.28683    
     2.72500         6.28683    
     2.87500         6.28683    
     3.02500         6.28683    
     3.17500         6.28683    
     3.32500         6.28683    
     3.47500         6.28683    
     3.62500         6.28683    
     3.77500         6.28683    
     3.92500         6.28683    
     1.00000         6.41673    
     1.15000         6.41673    
     1.30000         6.41673    
     1.45000         6.41673    
     1.60000         6.41673    
     1.75000         6.41673    
     1.90000         6.41673    
     2.05000         6.41673    
     2.20000         6.41673    
     2.35000         6.41673    
     2.50000         6.41673    
     2.65000         6.41673    
     2.80000         6.41673    
     2.95000         6.41673    
     3.10000         6.41673    
     3.25000         6.41673    
     3.40000         6.41673    
     3.55000         6.41673    
     3.70000         6.41673    
     3.85000         6.41673    
     4.00000         6.41673    
     1.07500         6.54663    
     1.22500         6.54663    
     1.37500         6.54663    
     1.52500         6.54663    
     1.67500         6.54663    
     1.82500         6.54663    
     1.97500         6.54663    
     2.12500         6.54663    
     2.27500         6.54663    
     2.42500         6.54663    
     2.57500         6.54663    
     2.72500         6.54663    
     2.87500         6.54663    
     3.02500         6.54663    
     3.17500         6.54663    
     3.32500         6.54663    
     3.47500         6.54663    
     3.62500         6.54663    
     3.77500         6.54663    
     3.92500         6.54663    
     1.00000         6.67654    
     1.15000         6.67654    
     1.30000         6.67654    
     1.45000         6.67654    
     1.60000         6.67654    
     1.75000         6.67654    
     1.90000         6.67654    
     2.05000         6.67654    
     2.20000         6.67654    
     2.35000         6.67654    
     2.50000         6.67654    
     2.65000         6.67654    
     2.80000         6.67654    
     2.95000         6.67654    
     3.10000         6.67654    
     3.25000         6.67654    
     3.40000         6.67654    
     3.55000         6.67654    
     3.70000         6.67654    
     3.85000         6.67654    
     4.00000         6.67654    
     1.07500         6.80644    
     1.22500         6.80644    
     1.37500         6.80644    
     1.52500         6.80644    
     1.67500         6.80644    
     1.82500         6.80644    
     1.97500         6.80644    
     2.12500         6.80644    
     2.27500         6.80644    
     2.42500         6.80644    
     2.57500         6.80644    
     2.72500         6.80644    
     2.87500         6.80644    
     3.02500         6.80644    
     3.17500         6.80644    
     3.32500         6.80644    
     3.47500         6.80644    
     3.62500         6.80644    
     3.77500         6.80644    
     3.92500         6.80644    
     1.00000         6.93634    
     1.15000         6.93634    
     1.30000         6.93634    
     1.45000         6.93634    
     1.60000         6.93634    
     1.75000         6.93634    
     1.90000         6.93634    
     2.05000         6.93634    
     2.20000         6.93634    
     2.35000         6.93634    
     2.50000         6.93634    
     2.65000         6.93634    
     2.80000         6.93634    
     2.95000         6.93634    
     3.10000         6.93634    
     3.25000         6.93634    
     3.40000         6.93634    
     3.55000         6.93634    
     3.70000         6.93634    
     3.85000         6.93634    
     4.00000         6.93634    
