     1.00000         2.00000    
     1.42857         2.00000    
     1.85714         2.00000    
     2.28571         2.00000    
     2.71429         2.00000    
     3.14286         2.00000    
     3.57143         2.00000    
     4.00000         2.00000    
     1.21429         2.37115    
     1.64286         2.37115    
     2.07143         2.37115    
     2.50000         2.37115    
     2.92857         2.37115    
     3.35714         2.37115    
     3.78571         2.37115    
     1.00000         2.74231    
     1.42857         2.74231    
     1.85714         2.74231    
     2.28571         2.74231    
     2.71429         2.74231    
     3.14286         2.74231    
     3.57143         2.74231    
     4.00000         2.74231    
     1.21429         3.11346    
     1.64286         3.11346    
     2.07143         3.11346    
     2.50000         3.11346    
     2.92857         3.11346    
     3.35714         3.11346    
     3.78571         3.11346    
     1.00000         3.48461    
     1.42857         3.48461    
     1.85714         3.48461    
     2.28571         3.48461    
     2.71429         3.48461    
     3.14286         3.48461    
     3.57143         3.48461    
     4.00000         3.48461    
     1.21429         3.85577    
     1.64286         3.85577    
     2.07143         3.85577    
     2.50000         3.85577    
     2.92857         3.85577    
     3.35714         3.85577    
     3.78571         3.85577    
     1.00000         4.22692    
     1.42857         4.22692    
     1.85714         4.22692    
     2.28571         4.22692    
     2.71429         4.22692    
     3.14286         4.22692    
     3.57143         4.22692    
     4.00000         4.22692    
     1.21429         4.59808    
     1.64286         4.59808    
     2.07143         4.59808    
     2.50000         4.59808    
     2.92857         4.59808    
     3.35714         4.59808    
     3.78571         4.59808    
     1.00000         4.96923    
     1.42857         4.96923    
     1.85714         4.96923    
     2.28571         4.96923    
     2.71429         4.96923    
     3.14286         4.96923    
     3.57143         4.96923    
     4.00000         4.96923    
     1.21429         5.34038    
     1.64286         5.34038    
     2.07143         5.34038    
     2.50000         5.34038    
     2.92857         5.34038    
     3.35714         5.34038    
     3.78571         5.34038    
     1.00000         5.71154    
     1.42857         5.71154    
     1.85714         5.71154    
     2.28571         5.71154    
     2.71429         5.71154    
     3.14286         5.71154    
     3.57143         5.71154    
     4.00000         5.71154    
     1.21429         6.08269    
     1.64286         6.08269    
     2.07143         6.08269    
     2.50000         6.08269    
     2.92857         6.08269    
     3.35714         6.08269    
     3.78571         6.08269    
     1.00000         6.45384    
     1.42857         6.45384    
     1.85714         6.45384    
     2.28571         6.45384    
     2.71429         6.45384    
     3.14286         6.45384    
     3.57143         6.45384    
     4.00000         6.45384    
     1.21429         6.82500    
     1.64286         6.82500    
     2.07143         6.82500    
     2.50000         6.82500    
     2.92857         6.82500    
     3.35714         6.82500    
     3.78571         6.82500    
