   0.000000000000000       0.000000000000000    
  0.5000000000000000E-01   0.000000000000000    
  0.1000000000000000       0.000000000000000    
  0.1500000000000000       0.000000000000000    
  0.2000000000000000       0.000000000000000    
  0.2500000000000000       0.000000000000000    
  0.3000000000000000       0.000000000000000    
  0.3500000000000000       0.000000000000000    
  0.4000000000000000       0.000000000000000    
  0.4500000000000000       0.000000000000000    
  0.5000000000000000       0.000000000000000    
  0.5500000000000000       0.000000000000000    
  0.6000000000000000       0.000000000000000    
  0.6500000000000000       0.000000000000000    
  0.7000000000000000       0.000000000000000    
  0.7500000000000000       0.000000000000000    
  0.8000000000000000       0.000000000000000    
  0.8500000000000000       0.000000000000000    
  0.9000000000000000       0.000000000000000    
  0.9500000000000000       0.000000000000000    
   1.000000000000000       0.000000000000000    
  0.2500000000000000E-01  0.4330127018922193E-01
  0.7500000000000000E-01  0.4330127018922193E-01
  0.1250000000000000      0.4330127018922193E-01
  0.1750000000000000      0.4330127018922193E-01
  0.2250000000000000      0.4330127018922193E-01
  0.2750000000000000      0.4330127018922193E-01
  0.3250000000000000      0.4330127018922193E-01
  0.3750000000000000      0.4330127018922193E-01
  0.4250000000000000      0.4330127018922193E-01
  0.4750000000000000      0.4330127018922193E-01
  0.5250000000000000      0.4330127018922193E-01
  0.5750000000000000      0.4330127018922193E-01
  0.6250000000000000      0.4330127018922193E-01
  0.6750000000000000      0.4330127018922193E-01
  0.7250000000000000      0.4330127018922193E-01
  0.7750000000000000      0.4330127018922193E-01
  0.8250000000000000      0.4330127018922193E-01
  0.8750000000000000      0.4330127018922193E-01
  0.9250000000000000      0.4330127018922193E-01
  0.9750000000000000      0.4330127018922193E-01
   0.000000000000000      0.8660254037844387E-01
  0.5000000000000000E-01  0.8660254037844387E-01
  0.1000000000000000      0.8660254037844387E-01
  0.1500000000000000      0.8660254037844387E-01
  0.2000000000000000      0.8660254037844387E-01
  0.2500000000000000      0.8660254037844387E-01
  0.3000000000000000      0.8660254037844387E-01
  0.3500000000000000      0.8660254037844387E-01
  0.4000000000000000      0.8660254037844387E-01
  0.4500000000000000      0.8660254037844387E-01
  0.5000000000000000      0.8660254037844387E-01
  0.5500000000000000      0.8660254037844387E-01
  0.6000000000000000      0.8660254037844387E-01
  0.6500000000000000      0.8660254037844387E-01
  0.7000000000000000      0.8660254037844387E-01
  0.7500000000000000      0.8660254037844387E-01
  0.8000000000000000      0.8660254037844387E-01
  0.8500000000000000      0.8660254037844387E-01
  0.9000000000000000      0.8660254037844387E-01
  0.9500000000000000      0.8660254037844387E-01
   1.000000000000000      0.8660254037844387E-01
  0.2500000000000000E-01  0.1299038105676658    
  0.7500000000000000E-01  0.1299038105676658    
  0.1250000000000000      0.1299038105676658    
  0.1750000000000000      0.1299038105676658    
  0.2250000000000000      0.1299038105676658    
  0.2750000000000000      0.1299038105676658    
  0.3250000000000000      0.1299038105676658    
  0.3750000000000000      0.1299038105676658    
  0.4250000000000000      0.1299038105676658    
  0.4750000000000000      0.1299038105676658    
  0.5250000000000000      0.1299038105676658    
  0.5750000000000000      0.1299038105676658    
  0.6250000000000000      0.1299038105676658    
  0.6750000000000000      0.1299038105676658    
  0.7250000000000000      0.1299038105676658    
  0.7750000000000000      0.1299038105676658    
  0.8250000000000000      0.1299038105676658    
  0.8750000000000000      0.1299038105676658    
  0.9250000000000000      0.1299038105676658    
  0.9750000000000000      0.1299038105676658    
   0.000000000000000      0.1732050807568877    
  0.5000000000000000E-01  0.1732050807568877    
  0.1000000000000000      0.1732050807568877    
  0.1500000000000000      0.1732050807568877    
  0.2000000000000000      0.1732050807568877    
  0.2500000000000000      0.1732050807568877    
  0.3000000000000000      0.1732050807568877    
  0.3500000000000000      0.1732050807568877    
  0.4000000000000000      0.1732050807568877    
  0.4500000000000000      0.1732050807568877    
  0.5000000000000000      0.1732050807568877    
  0.5500000000000000      0.1732050807568877    
  0.6000000000000000      0.1732050807568877    
  0.6500000000000000      0.1732050807568877    
  0.7000000000000000      0.1732050807568877    
  0.7500000000000000      0.1732050807568877    
  0.8000000000000000      0.1732050807568877    
  0.8500000000000000      0.1732050807568877    
  0.9000000000000000      0.1732050807568877    
  0.9500000000000000      0.1732050807568877    
   1.000000000000000      0.1732050807568877    
  0.2500000000000000E-01  0.2165063509461096    
  0.7500000000000000E-01  0.2165063509461096    
  0.1250000000000000      0.2165063509461096    
  0.1750000000000000      0.2165063509461096    
  0.2250000000000000      0.2165063509461096    
  0.2750000000000000      0.2165063509461096    
  0.3250000000000000      0.2165063509461096    
  0.3750000000000000      0.2165063509461096    
  0.4250000000000000      0.2165063509461096    
  0.4750000000000000      0.2165063509461096    
  0.5250000000000000      0.2165063509461096    
  0.5750000000000000      0.2165063509461096    
  0.6250000000000000      0.2165063509461096    
  0.6750000000000000      0.2165063509461096    
  0.7250000000000000      0.2165063509461096    
  0.7750000000000000      0.2165063509461096    
  0.8250000000000000      0.2165063509461096    
  0.8750000000000000      0.2165063509461096    
  0.9250000000000000      0.2165063509461096    
  0.9750000000000000      0.2165063509461096    
   0.000000000000000      0.2598076211353316    
  0.5000000000000000E-01  0.2598076211353316    
  0.1000000000000000      0.2598076211353316    
  0.1500000000000000      0.2598076211353316    
  0.2000000000000000      0.2598076211353316    
  0.2500000000000000      0.2598076211353316    
  0.3000000000000000      0.2598076211353316    
  0.3500000000000000      0.2598076211353316    
  0.4000000000000000      0.2598076211353316    
  0.4500000000000000      0.2598076211353316    
  0.5000000000000000      0.2598076211353316    
  0.5500000000000000      0.2598076211353316    
  0.6000000000000000      0.2598076211353316    
  0.6500000000000000      0.2598076211353316    
  0.7000000000000000      0.2598076211353316    
  0.7500000000000000      0.2598076211353316    
  0.8000000000000000      0.2598076211353316    
  0.8500000000000000      0.2598076211353316    
  0.9000000000000000      0.2598076211353316    
  0.9500000000000000      0.2598076211353316    
   1.000000000000000      0.2598076211353316    
  0.2500000000000000E-01  0.3031088913245535    
  0.7500000000000000E-01  0.3031088913245535    
  0.1250000000000000      0.3031088913245535    
  0.1750000000000000      0.3031088913245535    
  0.2250000000000000      0.3031088913245535    
  0.2750000000000000      0.3031088913245535    
  0.3250000000000000      0.3031088913245535    
  0.3750000000000000      0.3031088913245535    
  0.4250000000000000      0.3031088913245535    
  0.4750000000000000      0.3031088913245535    
  0.5250000000000000      0.3031088913245535    
  0.5750000000000000      0.3031088913245535    
  0.6250000000000000      0.3031088913245535    
  0.6750000000000000      0.3031088913245535    
  0.7250000000000000      0.3031088913245535    
  0.7750000000000000      0.3031088913245535    
  0.8250000000000000      0.3031088913245535    
  0.8750000000000000      0.3031088913245535    
  0.9250000000000000      0.3031088913245535    
  0.9750000000000000      0.3031088913245535    
   0.000000000000000      0.3464101615137755    
  0.5000000000000000E-01  0.3464101615137755    
  0.1000000000000000      0.3464101615137755    
  0.1500000000000000      0.3464101615137755    
  0.2000000000000000      0.3464101615137755    
  0.2500000000000000      0.3464101615137755    
  0.3000000000000000      0.3464101615137755    
  0.3500000000000000      0.3464101615137755    
  0.4000000000000000      0.3464101615137755    
  0.4500000000000000      0.3464101615137755    
  0.5000000000000000      0.3464101615137755    
  0.5500000000000000      0.3464101615137755    
  0.6000000000000000      0.3464101615137755    
  0.6500000000000000      0.3464101615137755    
  0.7000000000000000      0.3464101615137755    
  0.7500000000000000      0.3464101615137755    
  0.8000000000000000      0.3464101615137755    
  0.8500000000000000      0.3464101615137755    
  0.9000000000000000      0.3464101615137755    
  0.9500000000000000      0.3464101615137755    
   1.000000000000000      0.3464101615137755    
  0.2500000000000000E-01  0.3897114317029974    
  0.7500000000000000E-01  0.3897114317029974    
  0.1250000000000000      0.3897114317029974    
  0.1750000000000000      0.3897114317029974    
  0.2250000000000000      0.3897114317029974    
  0.2750000000000000      0.3897114317029974    
  0.3250000000000000      0.3897114317029974    
  0.3750000000000000      0.3897114317029974    
  0.4250000000000000      0.3897114317029974    
  0.4750000000000000      0.3897114317029974    
  0.5250000000000000      0.3897114317029974    
  0.5750000000000000      0.3897114317029974    
  0.6250000000000000      0.3897114317029974    
  0.6750000000000000      0.3897114317029974    
  0.7250000000000000      0.3897114317029974    
  0.7750000000000000      0.3897114317029974    
  0.8250000000000000      0.3897114317029974    
  0.8750000000000000      0.3897114317029974    
  0.9250000000000000      0.3897114317029974    
  0.9750000000000000      0.3897114317029974    
   0.000000000000000      0.4330127018922193    
  0.5000000000000000E-01  0.4330127018922193    
  0.1000000000000000      0.4330127018922193    
  0.1500000000000000      0.4330127018922193    
  0.2000000000000000      0.4330127018922193    
  0.2500000000000000      0.4330127018922193    
  0.3000000000000000      0.4330127018922193    
  0.3500000000000000      0.4330127018922193    
  0.4000000000000000      0.4330127018922193    
  0.4500000000000000      0.4330127018922193    
  0.5000000000000000      0.4330127018922193    
  0.5500000000000000      0.4330127018922193    
  0.6000000000000000      0.4330127018922193    
  0.6500000000000000      0.4330127018922193    
  0.7000000000000000      0.4330127018922193    
  0.7500000000000000      0.4330127018922193    
  0.8000000000000000      0.4330127018922193    
  0.8500000000000000      0.4330127018922193    
  0.9000000000000000      0.4330127018922193    
  0.9500000000000000      0.4330127018922193    
   1.000000000000000      0.4330127018922193    
  0.2500000000000000E-01  0.4763139720814413    
  0.7500000000000000E-01  0.4763139720814413    
  0.1250000000000000      0.4763139720814413    
  0.1750000000000000      0.4763139720814413    
  0.2250000000000000      0.4763139720814413    
  0.2750000000000000      0.4763139720814413    
  0.3250000000000000      0.4763139720814413    
  0.3750000000000000      0.4763139720814413    
  0.4250000000000000      0.4763139720814413    
  0.4750000000000000      0.4763139720814413    
  0.5250000000000000      0.4763139720814413    
  0.5750000000000000      0.4763139720814413    
  0.6250000000000000      0.4763139720814413    
  0.6750000000000000      0.4763139720814413    
  0.7250000000000000      0.4763139720814413    
  0.7750000000000000      0.4763139720814413    
  0.8250000000000000      0.4763139720814413    
  0.8750000000000000      0.4763139720814413    
  0.9250000000000000      0.4763139720814413    
  0.9750000000000000      0.4763139720814413    
   0.000000000000000      0.5196152422706632    
  0.5000000000000000E-01  0.5196152422706632    
  0.1000000000000000      0.5196152422706632    
  0.1500000000000000      0.5196152422706632    
  0.2000000000000000      0.5196152422706632    
  0.2500000000000000      0.5196152422706632    
  0.3000000000000000      0.5196152422706632    
  0.3500000000000000      0.5196152422706632    
  0.4000000000000000      0.5196152422706632    
  0.4500000000000000      0.5196152422706632    
  0.5000000000000000      0.5196152422706632    
  0.5500000000000000      0.5196152422706632    
  0.6000000000000000      0.5196152422706632    
  0.6500000000000000      0.5196152422706632    
  0.7000000000000000      0.5196152422706632    
  0.7500000000000000      0.5196152422706632    
  0.8000000000000000      0.5196152422706632    
  0.8500000000000000      0.5196152422706632    
  0.9000000000000000      0.5196152422706632    
  0.9500000000000000      0.5196152422706632    
   1.000000000000000      0.5196152422706632    
  0.2500000000000000E-01  0.5629165124598852    
  0.7500000000000000E-01  0.5629165124598852    
  0.1250000000000000      0.5629165124598852    
  0.1750000000000000      0.5629165124598852    
  0.2250000000000000      0.5629165124598852    
  0.2750000000000000      0.5629165124598852    
  0.3250000000000000      0.5629165124598852    
  0.3750000000000000      0.5629165124598852    
  0.4250000000000000      0.5629165124598852    
  0.4750000000000000      0.5629165124598852    
  0.5250000000000000      0.5629165124598852    
  0.5750000000000000      0.5629165124598852    
  0.6250000000000000      0.5629165124598852    
  0.6750000000000000      0.5629165124598852    
  0.7250000000000000      0.5629165124598852    
  0.7750000000000000      0.5629165124598852    
  0.8250000000000000      0.5629165124598852    
  0.8750000000000000      0.5629165124598852    
  0.9250000000000000      0.5629165124598852    
  0.9750000000000000      0.5629165124598852    
   0.000000000000000      0.6062177826491071    
  0.5000000000000000E-01  0.6062177826491071    
  0.1000000000000000      0.6062177826491071    
  0.1500000000000000      0.6062177826491071    
  0.2000000000000000      0.6062177826491071    
  0.2500000000000000      0.6062177826491071    
  0.3000000000000000      0.6062177826491071    
  0.3500000000000000      0.6062177826491071    
  0.4000000000000000      0.6062177826491071    
  0.4500000000000000      0.6062177826491071    
  0.5000000000000000      0.6062177826491071    
  0.5500000000000000      0.6062177826491071    
  0.6000000000000000      0.6062177826491071    
  0.6500000000000000      0.6062177826491071    
  0.7000000000000000      0.6062177826491071    
  0.7500000000000000      0.6062177826491071    
  0.8000000000000000      0.6062177826491071    
  0.8500000000000000      0.6062177826491071    
  0.9000000000000000      0.6062177826491071    
  0.9500000000000000      0.6062177826491071    
   1.000000000000000      0.6062177826491071    
  0.2500000000000000E-01  0.6495190528383290    
  0.7500000000000000E-01  0.6495190528383290    
  0.1250000000000000      0.6495190528383290    
  0.1750000000000000      0.6495190528383290    
  0.2250000000000000      0.6495190528383290    
  0.2750000000000000      0.6495190528383290    
  0.3250000000000000      0.6495190528383290    
  0.3750000000000000      0.6495190528383290    
  0.4250000000000000      0.6495190528383290    
  0.4750000000000000      0.6495190528383290    
  0.5250000000000000      0.6495190528383290    
  0.5750000000000000      0.6495190528383290    
  0.6250000000000000      0.6495190528383290    
  0.6750000000000000      0.6495190528383290    
  0.7250000000000000      0.6495190528383290    
  0.7750000000000000      0.6495190528383290    
  0.8250000000000000      0.6495190528383290    
  0.8750000000000000      0.6495190528383290    
  0.9250000000000000      0.6495190528383290    
  0.9750000000000000      0.6495190528383290    
   0.000000000000000      0.6928203230275509    
  0.5000000000000000E-01  0.6928203230275509    
  0.1000000000000000      0.6928203230275509    
  0.1500000000000000      0.6928203230275509    
  0.2000000000000000      0.6928203230275509    
  0.2500000000000000      0.6928203230275509    
  0.3000000000000000      0.6928203230275509    
  0.3500000000000000      0.6928203230275509    
  0.4000000000000000      0.6928203230275509    
  0.4500000000000000      0.6928203230275509    
  0.5000000000000000      0.6928203230275509    
  0.5500000000000000      0.6928203230275509    
  0.6000000000000000      0.6928203230275509    
  0.6500000000000000      0.6928203230275509    
  0.7000000000000000      0.6928203230275509    
  0.7500000000000000      0.6928203230275509    
  0.8000000000000000      0.6928203230275509    
  0.8500000000000000      0.6928203230275509    
  0.9000000000000000      0.6928203230275509    
  0.9500000000000000      0.6928203230275509    
   1.000000000000000      0.6928203230275509    
  0.2500000000000000E-01  0.7361215932167728    
  0.7500000000000000E-01  0.7361215932167728    
  0.1250000000000000      0.7361215932167728    
  0.1750000000000000      0.7361215932167728    
  0.2250000000000000      0.7361215932167728    
  0.2750000000000000      0.7361215932167728    
  0.3250000000000000      0.7361215932167728    
  0.3750000000000000      0.7361215932167728    
  0.4250000000000000      0.7361215932167728    
  0.4750000000000000      0.7361215932167728    
  0.5250000000000000      0.7361215932167728    
  0.5750000000000000      0.7361215932167728    
  0.6250000000000000      0.7361215932167728    
  0.6750000000000000      0.7361215932167728    
  0.7250000000000000      0.7361215932167728    
  0.7750000000000000      0.7361215932167728    
  0.8250000000000000      0.7361215932167728    
  0.8750000000000000      0.7361215932167728    
  0.9250000000000000      0.7361215932167728    
  0.9750000000000000      0.7361215932167728    
   0.000000000000000      0.7794228634059948    
  0.5000000000000000E-01  0.7794228634059948    
  0.1000000000000000      0.7794228634059948    
  0.1500000000000000      0.7794228634059948    
  0.2000000000000000      0.7794228634059948    
  0.2500000000000000      0.7794228634059948    
  0.3000000000000000      0.7794228634059948    
  0.3500000000000000      0.7794228634059948    
  0.4000000000000000      0.7794228634059948    
  0.4500000000000000      0.7794228634059948    
  0.5000000000000000      0.7794228634059948    
  0.5500000000000000      0.7794228634059948    
  0.6000000000000000      0.7794228634059948    
  0.6500000000000000      0.7794228634059948    
  0.7000000000000000      0.7794228634059948    
  0.7500000000000000      0.7794228634059948    
  0.8000000000000000      0.7794228634059948    
  0.8500000000000000      0.7794228634059948    
  0.9000000000000000      0.7794228634059948    
  0.9500000000000000      0.7794228634059948    
   1.000000000000000      0.7794228634059948    
  0.2500000000000000E-01  0.8227241335952167    
  0.7500000000000000E-01  0.8227241335952167    
  0.1250000000000000      0.8227241335952167    
  0.1750000000000000      0.8227241335952167    
  0.2250000000000000      0.8227241335952167    
  0.2750000000000000      0.8227241335952167    
  0.3250000000000000      0.8227241335952167    
  0.3750000000000000      0.8227241335952167    
  0.4250000000000000      0.8227241335952167    
  0.4750000000000000      0.8227241335952167    
  0.5250000000000000      0.8227241335952167    
  0.5750000000000000      0.8227241335952167    
  0.6250000000000000      0.8227241335952167    
  0.6750000000000000      0.8227241335952167    
  0.7250000000000000      0.8227241335952167    
  0.7750000000000000      0.8227241335952167    
  0.8250000000000000      0.8227241335952167    
  0.8750000000000000      0.8227241335952167    
  0.9250000000000000      0.8227241335952167    
  0.9750000000000000      0.8227241335952167    
   0.000000000000000      0.8660254037844386    
  0.5000000000000000E-01  0.8660254037844386    
  0.1000000000000000      0.8660254037844386    
  0.1500000000000000      0.8660254037844386    
  0.2000000000000000      0.8660254037844386    
  0.2500000000000000      0.8660254037844386    
  0.3000000000000000      0.8660254037844386    
  0.3500000000000000      0.8660254037844386    
  0.4000000000000000      0.8660254037844386    
  0.4500000000000000      0.8660254037844386    
  0.5000000000000000      0.8660254037844386    
  0.5500000000000000      0.8660254037844386    
  0.6000000000000000      0.8660254037844386    
  0.6500000000000000      0.8660254037844386    
  0.7000000000000000      0.8660254037844386    
  0.7500000000000000      0.8660254037844386    
  0.8000000000000000      0.8660254037844386    
  0.8500000000000000      0.8660254037844386    
  0.9000000000000000      0.8660254037844386    
  0.9500000000000000      0.8660254037844386    
   1.000000000000000      0.8660254037844386    
  0.2500000000000000E-01  0.9093266739736606    
  0.7500000000000000E-01  0.9093266739736606    
  0.1250000000000000      0.9093266739736606    
  0.1750000000000000      0.9093266739736606    
  0.2250000000000000      0.9093266739736606    
  0.2750000000000000      0.9093266739736606    
  0.3250000000000000      0.9093266739736606    
  0.3750000000000000      0.9093266739736606    
  0.4250000000000000      0.9093266739736606    
  0.4750000000000000      0.9093266739736606    
  0.5250000000000000      0.9093266739736606    
  0.5750000000000000      0.9093266739736606    
  0.6250000000000000      0.9093266739736606    
  0.6750000000000000      0.9093266739736606    
  0.7250000000000000      0.9093266739736606    
  0.7750000000000000      0.9093266739736606    
  0.8250000000000000      0.9093266739736606    
  0.8750000000000000      0.9093266739736606    
  0.9250000000000000      0.9093266739736606    
  0.9750000000000000      0.9093266739736606    
   0.000000000000000      0.9526279441628825    
  0.5000000000000000E-01  0.9526279441628825    
  0.1000000000000000      0.9526279441628825    
  0.1500000000000000      0.9526279441628825    
  0.2000000000000000      0.9526279441628825    
  0.2500000000000000      0.9526279441628825    
  0.3000000000000000      0.9526279441628825    
  0.3500000000000000      0.9526279441628825    
  0.4000000000000000      0.9526279441628825    
  0.4500000000000000      0.9526279441628825    
  0.5000000000000000      0.9526279441628825    
  0.5500000000000000      0.9526279441628825    
  0.6000000000000000      0.9526279441628825    
  0.6500000000000000      0.9526279441628825    
  0.7000000000000000      0.9526279441628825    
  0.7500000000000000      0.9526279441628825    
  0.8000000000000000      0.9526279441628825    
  0.8500000000000000      0.9526279441628825    
  0.9000000000000000      0.9526279441628825    
  0.9500000000000000      0.9526279441628825    
   1.000000000000000      0.9526279441628825    
  0.2500000000000000E-01  0.9959292143521045    
  0.7500000000000000E-01  0.9959292143521045    
  0.1250000000000000      0.9959292143521045    
  0.1750000000000000      0.9959292143521045    
  0.2250000000000000      0.9959292143521045    
  0.2750000000000000      0.9959292143521045    
  0.3250000000000000      0.9959292143521045    
  0.3750000000000000      0.9959292143521045    
  0.4250000000000000      0.9959292143521045    
  0.4750000000000000      0.9959292143521045    
  0.5250000000000000      0.9959292143521045    
  0.5750000000000000      0.9959292143521045    
  0.6250000000000000      0.9959292143521045    
  0.6750000000000000      0.9959292143521045    
  0.7250000000000000      0.9959292143521045    
  0.7750000000000000      0.9959292143521045    
  0.8250000000000000      0.9959292143521045    
  0.8750000000000000      0.9959292143521045    
  0.9250000000000000      0.9959292143521045    
  0.9750000000000000      0.9959292143521045    
