#  uniform_01_01000.txt
#  created by R8MAT_UNIFORM_WRITE.F90.
#
#  File generated on May 31 2007   6:56:22.851 AM
#
#  Spatial dimension M =        1
#  Number of points N =     1000
#  EPSILON (unit roundoff) =   0.222045E-15
#  Initial seed =    123456789
#  Current seed =   1760444247
#
  0.218418
  0.956318
  0.829509
  0.561695
  0.415307
  0.066119
  0.257578
  0.109957
  0.043829
  0.633966
  0.061727
  0.449539
  0.401306
  0.754673
  0.797287
  0.001838
  0.897504
  0.350752
  0.094545
  0.013617
  0.859097
  0.840847
  0.123104
  0.007512
  0.260303
  0.912484
  0.113664
  0.351629
  0.822887
  0.267132
  0.692066
  0.561662
  0.861216
  0.453794
  0.911977
  0.597917
  0.188955
  0.761492
  0.396988
  0.185314
  0.574366
  0.367027
  0.617205
  0.361529
  0.212930
  0.714471
  0.117707
  0.299329
  0.825003
  0.824660
  0.061862
  0.710781
  0.088283
  0.777994
  0.745303
  0.308675
  0.899373
  0.763537
  0.761731
  0.406970
  0.938749
  0.562088
  0.017820
  0.501103
  0.041909
  0.368851
  0.271724
  0.858573
  0.029037
  0.017442
  0.152384
  0.114319
  0.353907
  0.119308
  0.206653
  0.212924
  0.612948
  0.809519
  0.587090
  0.215492
  0.768056
  0.723297
  0.448019
  0.855176
  0.945017
  0.909057
  0.519726
  0.030195
  0.481067
  0.292313
  0.902640
  0.667842
  0.412278
  0.156948
  0.833282
  0.964404
  0.740790
  0.456099
  0.653561
  0.406827
  0.540539
  0.832281
  0.145756
  0.717128
  0.775651
  0.362262
  0.531111
  0.379977
  0.269285
  0.877418
  0.761285
  0.913675
  0.135794
  0.291195
  0.118211
  0.771781
  0.320633
  0.877413
  0.679476
  0.949176
  0.793361
  0.021366
  0.102278
  0.991406
  0.563260
  0.704528
  0.994146
  0.604334
  0.046145
  0.562029
  0.021515
  0.609135
  0.728789
  0.748407
  0.469634
  0.135194
  0.202348
  0.860120
  0.040624
  0.773973
  0.155941
  0.895727
  0.487127
  0.148682
  0.893345
  0.445207
  0.599347
  0.228689
  0.572300
  0.639618
  0.065985
  0.002120
  0.629405
  0.412842
  0.628397
  0.469879
  0.258509
  0.754493
  0.768513
  0.403978
  0.660236
  0.584298
  0.304735
  0.684345
  0.780800
  0.910878
  0.131231
  0.595555
  0.490323
  0.854159
  0.848580
  0.083143
  0.383972
  0.411112
  0.565026
  0.394392
  0.538036
  0.775243
  0.509806
  0.305324
  0.584076
  0.559778
  0.195029
  0.856103
  0.529502
  0.344293
  0.530101
  0.406241
  0.692814
  0.121905
  0.858971
  0.722382
  0.079996
  0.492085
  0.466644
  0.878359
  0.584231
  0.173778
  0.684731
  0.278111
  0.214915
  0.068821
  0.679375
  0.261012
  0.829383
  0.442158
  0.351522
  0.032762
  0.628850
  0.086721
  0.516988
  0.011003
  0.919105
  0.396910
  0.871228
  0.722048
  0.455404
  0.966804
  0.078531
  0.870750
  0.688186
  0.337421
  0.036307
  0.214310
  0.908339
  0.455910
  0.474342
  0.258065
  0.302162
  0.434341
  0.971341
  0.335417
  0.358697
  0.615840
  0.424428
  0.366481
  0.438869
  0.078173
  0.849352
  0.065509
  0.003868
  0.008359
  0.486560
  0.622276
  0.598399
  0.290530
  0.944417
  0.824733
  0.290477
  0.038914
  0.034183
  0.510304
  0.677301
  0.397581
  0.151405
  0.662250
  0.428705
  0.236546
  0.628882
  0.621841
  0.281714
  0.769302
  0.663225
  0.824001
  0.986634
  0.350637
  0.151555
  0.179257
  0.770598
  0.441796
  0.263209
  0.761996
  0.869792
  0.600145
  0.629358
  0.623897
  0.830126
  0.919770
  0.573310
  0.620359
  0.368776
  0.024396
  0.023587
  0.430812
  0.652667
  0.373921
  0.493998
  0.618198
  0.055057
  0.341973
  0.532633
  0.969348
  0.825221
  0.485053
  0.285376
  0.319971
  0.754984
  0.014932
  0.956749
  0.075678
  0.927452
  0.692547
  0.629162
  0.328612
  0.975966
  0.054465
  0.393914
  0.507814
  0.822332
  0.935784
  0.713415
  0.358431
  0.143524
  0.207696
  0.749955
  0.490183
  0.502491
  0.373999
  0.795930
  0.192331
  0.511615
  0.708718
  0.428111
  0.267912
  0.791217
  0.988433
  0.601080
  0.352597
  0.092579
  0.967258
  0.704005
  0.215409
  0.377365
  0.379108
  0.671502
  0.937284
  0.936300
  0.394361
  0.020737
  0.522060
  0.264825
  0.907554
  0.267984
  0.014440
  0.687031
  0.934913
  0.074966
  0.947950
  0.193285
  0.542296
  0.376332
  0.009116
  0.205279
  0.128703
  0.119157
  0.665071
  0.842376
  0.806986
  0.013777
  0.557809
  0.095568
  0.217119
  0.121953
  0.657409
  0.075991
  0.179361
  0.519893
  0.847437
  0.875589
  0.028933
  0.273328
  0.824758
  0.712662
  0.713358
  0.407683
  0.933020
  0.273156
  0.931929
  0.926182
  0.340536
  0.394021
  0.310125
  0.264950
  0.018616
  0.876345
  0.727233
  0.597666
  0.971230
  0.469008
  0.621594
  0.125419
  0.916918
  0.634004
  0.708991
  0.019232
  0.228268
  0.496534
  0.246123
  0.583425
  0.628399
  0.499431
  0.945197
  0.920190
  0.631411
  0.133067
  0.450123
  0.224769
  0.697906
  0.707573
  0.181175
  0.014723
  0.447452
  0.320702
  0.034612
  0.725293
  0.996510
  0.343217
  0.452323
  0.188610
  0.961315
  0.821431
  0.791798
  0.751046
  0.838010
  0.431503
  0.267140
  0.819206
  0.393031
  0.669675
  0.225187
  0.715749
  0.589899
  0.428745
  0.918818
  0.567101
  0.271409
  0.565615
  0.285991
  0.649252
  0.985464
  0.697191
  0.694112
  0.939451
  0.356364
  0.412249
  0.676809
  0.121517
  0.333493
  0.013847
  0.718851
  0.726439
  0.266667
  0.869023
  0.677079
  0.671283
  0.248176
  0.100641
  0.469243
  0.566702
  0.562128
  0.692124
  0.533854
  0.485259
  0.746917
  0.431365
  0.944148
  0.299080
  0.643718
  0.972118
  0.384847
  0.125900
  0.995092
  0.518943
  0.876823
  0.760500
  0.718776
  0.475723
  0.475819
  0.093694
  0.716797
  0.204606
  0.818528
  0.994613
  0.456570
  0.566678
  0.159814
  0.992125
  0.642267
  0.575227
  0.847078
  0.834391
  0.615652
  0.258310
  0.411976
  0.083802
  0.460554
  0.527293
  0.221476
  0.339601
  0.681473
  0.522061
  0.284688
  0.750461
  0.994292
  0.068474
  0.850280
  0.653327
  0.474202
  0.906601
  0.247563
  0.792866
  0.704605
  0.287868
  0.195328
  0.872720
  0.804786
  0.044161
  0.219512
  0.344983
  0.122699
  0.203408
  0.674972
  0.246263
  0.944672
  0.105233
  0.647559
  0.524598
  0.926786
  0.493763
  0.681957
  0.650661
  0.667596
  0.283383
  0.818360
  0.178294
  0.583506
  0.991486
  0.909841
  0.701742
  0.179066
  0.570083
  0.378713
  0.022751
  0.377047
  0.035725
  0.430488
  0.204003
  0.686580
  0.357923
  0.606904
  0.233741
  0.489165
  0.400137
  0.105517
  0.422552
  0.833749
  0.823542
  0.277652
  0.497778
  0.153587
  0.340662
  0.508980
  0.424304
  0.269194
  0.337016
  0.230747
  0.162950
  0.699529
  0.977993
  0.133240
  0.356328
  0.809329
  0.400223
  0.554311
  0.303280
  0.224178
  0.760014
  0.550340
  0.565473
  0.911807
  0.740455
  0.821739
  0.969121
  0.023272
  0.137564
  0.042723
  0.048334
  0.357023
  0.488683
  0.293772
  0.421465
  0.564350
  0.034706
  0.305445
  0.607474
  0.813374
  0.372608
  0.426610
  0.039994
  0.176489
  0.256999
  0.374681
  0.268393
  0.884450
  0.952077
  0.553551
  0.536718
  0.627252
  0.223921
  0.447543
  0.861393
  0.432048
  0.433415
  0.402830
  0.368807
  0.538784
  0.344713
  0.590613
  0.432588
  0.500600
  0.586519
  0.625599
  0.438573
  0.098246
  0.223219
  0.643391
  0.466275
  0.682426
  0.537341
  0.085934
  0.300191
  0.308200
  0.920037
  0.069324
  0.133513
  0.958218
  0.765682
  0.818463
  0.914582
  0.373344
  0.787821
  0.900259
  0.646129
  0.493513
  0.465234
  0.195015
  0.609682
  0.930705
  0.355118
  0.472047
  0.697004
  0.543873
  0.875119
  0.124495
  0.395748
  0.339474
  0.545673
  0.122753
  0.103472
  0.046759
  0.880737
  0.544444
  0.468604
  0.829824
  0.843642
  0.084685
  0.297620
  0.103762
  0.923581
  0.628049
  0.622047
  0.749359
  0.480170
  0.224541
  0.855253
  0.232048
  0.035241
  0.303750
  0.127089
  0.987725
  0.692586
  0.295687
  0.612801
  0.347625
  0.534300
  0.982921
  0.947958
  0.330027
  0.770531
  0.312521
  0.544221
  0.714451
  0.783607
  0.082691
  0.789404
  0.509178
  0.761264
  0.562075
  0.800662
  0.722096
  0.261034
  0.203640
  0.579187
  0.398030
  0.682070
  0.558143
  0.715011
  0.190535
  0.321763
  0.873232
  0.411194
  0.940573
  0.212960
  0.218255
  0.205130
  0.613919
  0.133995
  0.051732
  0.464686
  0.972726
  0.610108
  0.087638
  0.927015
  0.337403
  0.731243
  0.002866
  0.168485
  0.732417
  0.740194
  0.447941
  0.550066
  0.966542
  0.676738
  0.941026
  0.831218
  0.285073
  0.226202
  0.780184
  0.557797
  0.894337
  0.117510
  0.997908
  0.845217
  0.564783
  0.300762
  0.908721
  0.877837
  0.806402
  0.205192
  0.667912
  0.591000
  0.931683
  0.795252
  0.802123
  0.281649
  0.680193
  0.996165
  0.542970
  0.692925
  0.994646
  0.010144
  0.497509
  0.635463
  0.233256
  0.334503
  0.996395
  0.406872
  0.293545
  0.609029
  0.956225
  0.280921
  0.442631
  0.301415
  0.881815
  0.669846
  0.093676
  0.419708
  0.030168
  0.040497
  0.635605
  0.612238
  0.875965
  0.346182
  0.287473
  0.550701
  0.632897
  0.108216
  0.788908
  0.171113
  0.900994
  0.008310
  0.664463
  0.629934
  0.304145
  0.763373
  0.008265
  0.913883
  0.629900
  0.731325
  0.381121
  0.499128
  0.852077
  0.863027
  0.889519
  0.138616
  0.711636
  0.468838
  0.755280
  0.988965
  0.534928
  0.526989
  0.101496
  0.844749
  0.702115
  0.440358
  0.089042
  0.526602
  0.594543
  0.486158
  0.858767
  0.299575
  0.949116
  0.793660
  0.041998
  0.856448
  0.316805
  0.540189
  0.952862
  0.750093
  0.819725
  0.119746
  0.564966
  0.383647
  0.958849
  0.370303
  0.679868
  0.547681
  0.880998
  0.935773
  0.532305
  0.442475
  0.680763
  0.584993
  0.983314
  0.555652
  0.843028
  0.765586
  0.197802
  0.464026
  0.890040
  0.894452
  0.059037
  0.234702
  0.635521
  0.196259
  0.533183
  0.208870
  0.471004
  0.171040
  0.661070
  0.608072
  0.868873
  0.148184
  0.523489
  0.278442
  0.776763
  0.055654
  0.379620
  0.270514
  0.530486
  0.882718
  0.843258
  0.638128
  0.016140
  0.266686
  0.185866
  0.852894
  0.597146
  0.240117
  0.649480
  0.812942
  0.120945
  0.721326
  0.327818
  0.641053
  0.183364
  0.799324
  0.232437
  0.561471
  0.639914
  0.026345
  0.783783
  0.038218
  0.325105
  0.036236
  0.021133
  0.183310
  0.890909
  0.509829
  0.696118
  0.660451
  0.200332
  0.972067
  0.522569
  0.818553
  0.423114
  0.282008
  0.713674
  0.713187
  0.531140
  0.876677
  0.315010
  0.369191
  0.991907
  0.986397
  0.380554
  0.977763
  0.267467
  0.318177
  0.605274
  0.836761
  0.439529
  0.164867
  0.912356
  0.964034
  0.525048
  0.487067
  0.128648
  0.178803
  0.136750
  0.351703
  0.076335
  0.964668
  0.173653
  0.590841
  0.263658
  0.300199
  0.436576
  0.534376
  0.263424
  0.371627
  0.939213
  0.353215
  0.491303
  0.332532
  0.872289
  0.555393
  0.484836
  0.632880
  0.818085
  0.551563
  0.126214
  0.281954
  0.794052
  0.628467
  0.638967
  0.110226
  0.566312
  0.007920
  0.108368
  0.345571
  0.014979
  0.758412
  0.622856
  0.336210
  0.684210
  0.510058
  0.537026
  0.803049
  0.846279
  0.404060
  0.035838
  0.323631
  0.274191
  0.324782
  0.614284
  0.272263
  0.928200
  0.252515
  0.023095
  0.151014
  0.091230
  0.301779
  0.008031
  0.978119
  0.249310
  0.148873
  0.109529
  0.846942
  0.561661
  0.831202
  0.006376
  0.165566
  0.674661
  0.026599
  0.053012
  0.980885
  0.739125
  0.472649
  0.819771
