#  elements.txt
#
#  Element data for "INOUT".
#
#  Note that H C Lee's data file must be modified.
#
#  The first two records are the number of elements, and the order,
#  and must be deleted.
#
#  The first column of all the remaining records is simply the index, 
#  and must be deleted.
#
#  In the remaining 6 columns of data, it is necessary to reorder
#  them so that they are now in the order 
#
#    1, 2, 3, 6, 4, 5.
#
#
#  Number of nodes = 1681.
#  Generated by a 41 by 41 grid.
#
#  Number of elements = 800.
#  Number of nodes per element = 6.
#
     1    85    83    42    43    84
     1    85     3     2    43    44
     3    87    85    44    45    86
     3    87     5     4    45    46
     5    89    87    46    47    88
     5    89     7     6    47    48
     7    91    89    48    49    90
     7    91     9     8    49    50
     9    93    91    50    51    92
     9    93    11    10    51    52
    11    95    93    52    53    94
    11    95    13    12    53    54
    13    97    95    54    55    96
    13    97    15    14    55    56
    15    99    97    56    57    98
    15    99    17    16    57    58
    17   101    99    58    59   100
    17   101    19    18    59    60
    19   103   101    60    61   102
    19   103    21    20    61    62
    21   105   103    62    63   104
    21   105    23    22    63    64
    23   107   105    64    65   106
    23   107    25    24    65    66
    25   109   107    66    67   108
    25   109    27    26    67    68
    27   111   109    68    69   110
    27   111    29    28    69    70
    29   113   111    70    71   112
    29   113    31    30    71    72
    31   115   113    72    73   114
    31   115    33    32    73    74
    33   117   115    74    75   116
    33   117    35    34    75    76
    35   119   117    76    77   118
    35   119    37    36    77    78
    37   121   119    78    79   120
    37   121    39    38    79    80
    39   123   121    80    81   122
    39   123    41    40    81    82
    83   167   165   124   125   166
    83   167    85    84   125   126
    85   169   167   126   127   168
    85   169    87    86   127   128
    87   171   169   128   129   170
    87   171    89    88   129   130
    89   173   171   130   131   172
    89   173    91    90   131   132
    91   175   173   132   133   174
    91   175    93    92   133   134
    93   177   175   134   135   176
    93   177    95    94   135   136
    95   179   177   136   137   178
    95   179    97    96   137   138
    97   181   179   138   139   180
    97   181    99    98   139   140
    99   183   181   140   141   182
    99   183   101   100   141   142
   101   185   183   142   143   184
   101   185   103   102   143   144
   103   187   185   144   145   186
   103   187   105   104   145   146
   105   189   187   146   147   188
   105   189   107   106   147   148
   107   191   189   148   149   190
   107   191   109   108   149   150
   109   193   191   150   151   192
   109   193   111   110   151   152
   111   195   193   152   153   194
   111   195   113   112   153   154
   113   197   195   154   155   196
   113   197   115   114   155   156
   115   199   197   156   157   198
   115   199   117   116   157   158
   117   201   199   158   159   200
   117   201   119   118   159   160
   119   203   201   160   161   202
   119   203   121   120   161   162
   121   205   203   162   163   204
   121   205   123   122   163   164
   165   249   247   206   207   248
   165   249   167   166   207   208
   167   251   249   208   209   250
   167   251   169   168   209   210
   169   253   251   210   211   252
   169   253   171   170   211   212
   171   255   253   212   213   254
   171   255   173   172   213   214
   173   257   255   214   215   256
   173   257   175   174   215   216
   175   259   257   216   217   258
   175   259   177   176   217   218
   177   261   259   218   219   260
   177   261   179   178   219   220
   179   263   261   220   221   262
   179   263   181   180   221   222
   181   265   263   222   223   264
   181   265   183   182   223   224
   183   267   265   224   225   266
   183   267   185   184   225   226
   185   269   267   226   227   268
   185   269   187   186   227   228
   187   271   269   228   229   270
   187   271   189   188   229   230
   189   273   271   230   231   272
   189   273   191   190   231   232
   191   275   273   232   233   274
   191   275   193   192   233   234
   193   277   275   234   235   276
   193   277   195   194   235   236
   195   279   277   236   237   278
   195   279   197   196   237   238
   197   281   279   238   239   280
   197   281   199   198   239   240
   199   283   281   240   241   282
   199   283   201   200   241   242
   201   285   283   242   243   284
   201   285   203   202   243   244
   203   287   285   244   245   286
   203   287   205   204   245   246
   247   331   329   288   289   330
   247   331   249   248   289   290
   249   333   331   290   291   332
   249   333   251   250   291   292
   251   335   333   292   293   334
   251   335   253   252   293   294
   253   337   335   294   295   336
   253   337   255   254   295   296
   255   339   337   296   297   338
   255   339   257   256   297   298
   257   341   339   298   299   340
   257   341   259   258   299   300
   259   343   341   300   301   342
   259   343   261   260   301   302
   261   345   343   302   303   344
   261   345   263   262   303   304
   263   347   345   304   305   346
   263   347   265   264   305   306
   265   349   347   306   307   348
   265   349   267   266   307   308
   267   351   349   308   309   350
   267   351   269   268   309   310
   269   353   351   310   311   352
   269   353   271   270   311   312
   271   355   353   312   313   354
   271   355   273   272   313   314
   273   357   355   314   315   356
   273   357   275   274   315   316
   275   359   357   316   317   358
   275   359   277   276   317   318
   277   361   359   318   319   360
   277   361   279   278   319   320
   279   363   361   320   321   362
   279   363   281   280   321   322
   281   365   363   322   323   364
   281   365   283   282   323   324
   283   367   365   324   325   366
   283   367   285   284   325   326
   285   369   367   326   327   368
   285   369   287   286   327   328
   329   413   411   370   371   412
   329   413   331   330   371   372
   331   415   413   372   373   414
   331   415   333   332   373   374
   333   417   415   374   375   416
   333   417   335   334   375   376
   335   419   417   376   377   418
   335   419   337   336   377   378
   337   421   419   378   379   420
   337   421   339   338   379   380
   339   423   421   380   381   422
   339   423   341   340   381   382
   341   425   423   382   383   424
   341   425   343   342   383   384
   343   427   425   384   385   426
   343   427   345   344   385   386
   345   429   427   386   387   428
   345   429   347   346   387   388
   347   431   429   388   389   430
   347   431   349   348   389   390
   349   433   431   390   391   432
   349   433   351   350   391   392
   351   435   433   392   393   434
   351   435   353   352   393   394
   353   437   435   394   395   436
   353   437   355   354   395   396
   355   439   437   396   397   438
   355   439   357   356   397   398
   357   441   439   398   399   440
   357   441   359   358   399   400
   359   443   441   400   401   442
   359   443   361   360   401   402
   361   445   443   402   403   444
   361   445   363   362   403   404
   363   447   445   404   405   446
   363   447   365   364   405   406
   365   449   447   406   407   448
   365   449   367   366   407   408
   367   451   449   408   409   450
   367   451   369   368   409   410
   411   495   493   452   453   494
   411   495   413   412   453   454
   413   497   495   454   455   496
   413   497   415   414   455   456
   415   499   497   456   457   498
   415   499   417   416   457   458
   417   501   499   458   459   500
   417   501   419   418   459   460
   419   503   501   460   461   502
   419   503   421   420   461   462
   421   505   503   462   463   504
   421   505   423   422   463   464
   423   507   505   464   465   506
   423   507   425   424   465   466
   425   509   507   466   467   508
   425   509   427   426   467   468
   427   511   509   468   469   510
   427   511   429   428   469   470
   429   513   511   470   471   512
   429   513   431   430   471   472
   431   515   513   472   473   514
   431   515   433   432   473   474
   433   517   515   474   475   516
   433   517   435   434   475   476
   435   519   517   476   477   518
   435   519   437   436   477   478
   437   521   519   478   479   520
   437   521   439   438   479   480
   439   523   521   480   481   522
   439   523   441   440   481   482
   441   525   523   482   483   524
   441   525   443   442   483   484
   443   527   525   484   485   526
   443   527   445   444   485   486
   445   529   527   486   487   528
   445   529   447   446   487   488
   447   531   529   488   489   530
   447   531   449   448   489   490
   449   533   531   490   491   532
   449   533   451   450   491   492
   493   577   575   534   535   576
   493   577   495   494   535   536
   495   579   577   536   537   578
   495   579   497   496   537   538
   497   581   579   538   539   580
   497   581   499   498   539   540
   499   583   581   540   541   582
   499   583   501   500   541   542
   501   585   583   542   543   584
   501   585   503   502   543   544
   503   587   585   544   545   586
   503   587   505   504   545   546
   505   589   587   546   547   588
   505   589   507   506   547   548
   507   591   589   548   549   590
   507   591   509   508   549   550
   509   593   591   550   551   592
   509   593   511   510   551   552
   511   595   593   552   553   594
   511   595   513   512   553   554
   513   597   595   554   555   596
   513   597   515   514   555   556
   515   599   597   556   557   598
   515   599   517   516   557   558
   517   601   599   558   559   600
   517   601   519   518   559   560
   519   603   601   560   561   602
   519   603   521   520   561   562
   521   605   603   562   563   604
   521   605   523   522   563   564
   523   607   605   564   565   606
   523   607   525   524   565   566
   525   609   607   566   567   608
   525   609   527   526   567   568
   527   611   609   568   569   610
   527   611   529   528   569   570
   529   613   611   570   571   612
   529   613   531   530   571   572
   531   615   613   572   573   614
   531   615   533   532   573   574
   575   659   657   616   617   658
   575   659   577   576   617   618
   577   661   659   618   619   660
   577   661   579   578   619   620
   579   663   661   620   621   662
   579   663   581   580   621   622
   581   665   663   622   623   664
   581   665   583   582   623   624
   583   667   665   624   625   666
   583   667   585   584   625   626
   585   669   667   626   627   668
   585   669   587   586   627   628
   587   671   669   628   629   670
   587   671   589   588   629   630
   589   673   671   630   631   672
   589   673   591   590   631   632
   591   675   673   632   633   674
   591   675   593   592   633   634
   593   677   675   634   635   676
   593   677   595   594   635   636
   595   679   677   636   637   678
   595   679   597   596   637   638
   597   681   679   638   639   680
   597   681   599   598   639   640
   599   683   681   640   641   682
   599   683   601   600   641   642
   601   685   683   642   643   684
   601   685   603   602   643   644
   603   687   685   644   645   686
   603   687   605   604   645   646
   605   689   687   646   647   688
   605   689   607   606   647   648
   607   691   689   648   649   690
   607   691   609   608   649   650
   609   693   691   650   651   692
   609   693   611   610   651   652
   611   695   693   652   653   694
   611   695   613   612   653   654
   613   697   695   654   655   696
   613   697   615   614   655   656
   657   741   739   698   699   740
   657   741   659   658   699   700
   659   743   741   700   701   742
   659   743   661   660   701   702
   661   745   743   702   703   744
   661   745   663   662   703   704
   663   747   745   704   705   746
   663   747   665   664   705   706
   665   749   747   706   707   748
   665   749   667   666   707   708
   667   751   749   708   709   750
   667   751   669   668   709   710
   669   753   751   710   711   752
   669   753   671   670   711   712
   671   755   753   712   713   754
   671   755   673   672   713   714
   673   757   755   714   715   756
   673   757   675   674   715   716
   675   759   757   716   717   758
   675   759   677   676   717   718
   677   761   759   718   719   760
   677   761   679   678   719   720
   679   763   761   720   721   762
   679   763   681   680   721   722
   681   765   763   722   723   764
   681   765   683   682   723   724
   683   767   765   724   725   766
   683   767   685   684   725   726
   685   769   767   726   727   768
   685   769   687   686   727   728
   687   771   769   728   729   770
   687   771   689   688   729   730
   689   773   771   730   731   772
   689   773   691   690   731   732
   691   775   773   732   733   774
   691   775   693   692   733   734
   693   777   775   734   735   776
   693   777   695   694   735   736
   695   779   777   736   737   778
   695   779   697   696   737   738
   739   823   821   780   781   822
   739   823   741   740   781   782
   741   825   823   782   783   824
   741   825   743   742   783   784
   743   827   825   784   785   826
   743   827   745   744   785   786
   745   829   827   786   787   828
   745   829   747   746   787   788
   747   831   829   788   789   830
   747   831   749   748   789   790
   749   833   831   790   791   832
   749   833   751   750   791   792
   751   835   833   792   793   834
   751   835   753   752   793   794
   753   837   835   794   795   836
   753   837   755   754   795   796
   755   839   837   796   797   838
   755   839   757   756   797   798
   757   841   839   798   799   840
   757   841   759   758   799   800
   759   843   841   800   801   842
   759   843   761   760   801   802
   761   845   843   802   803   844
   761   845   763   762   803   804
   763   847   845   804   805   846
   763   847   765   764   805   806
   765   849   847   806   807   848
   765   849   767   766   807   808
   767   851   849   808   809   850
   767   851   769   768   809   810
   769   853   851   810   811   852
   769   853   771   770   811   812
   771   855   853   812   813   854
   771   855   773   772   813   814
   773   857   855   814   815   856
   773   857   775   774   815   816
   775   859   857   816   817   858
   775   859   777   776   817   818
   777   861   859   818   819   860
   777   861   779   778   819   820
   821   905   903   862   863   904
   821   905   823   822   863   864
   823   907   905   864   865   906
   823   907   825   824   865   866
   825   909   907   866   867   908
   825   909   827   826   867   868
   827   911   909   868   869   910
   827   911   829   828   869   870
   829   913   911   870   871   912
   829   913   831   830   871   872
   831   915   913   872   873   914
   831   915   833   832   873   874
   833   917   915   874   875   916
   833   917   835   834   875   876
   835   919   917   876   877   918
   835   919   837   836   877   878
   837   921   919   878   879   920
   837   921   839   838   879   880
   839   923   921   880   881   922
   839   923   841   840   881   882
   841   925   923   882   883   924
   841   925   843   842   883   884
   843   927   925   884   885   926
   843   927   845   844   885   886
   845   929   927   886   887   928
   845   929   847   846   887   888
   847   931   929   888   889   930
   847   931   849   848   889   890
   849   933   931   890   891   932
   849   933   851   850   891   892
   851   935   933   892   893   934
   851   935   853   852   893   894
   853   937   935   894   895   936
   853   937   855   854   895   896
   855   939   937   896   897   938
   855   939   857   856   897   898
   857   941   939   898   899   940
   857   941   859   858   899   900
   859   943   941   900   901   942
   859   943   861   860   901   902
   903   987   985   944   945   986
   903   987   905   904   945   946
   905   989   987   946   947   988
   905   989   907   906   947   948
   907   991   989   948   949   990
   907   991   909   908   949   950
   909   993   991   950   951   992
   909   993   911   910   951   952
   911   995   993   952   953   994
   911   995   913   912   953   954
   913   997   995   954   955   996
   913   997   915   914   955   956
   915   999   997   956   957   998
   915   999   917   916   957   958
   917  1001   999   958   959  1000
   917  1001   919   918   959   960
   919  1003  1001   960   961  1002
   919  1003   921   920   961   962
   921  1005  1003   962   963  1004
   921  1005   923   922   963   964
   923  1007  1005   964   965  1006
   923  1007   925   924   965   966
   925  1009  1007   966   967  1008
   925  1009   927   926   967   968
   927  1011  1009   968   969  1010
   927  1011   929   928   969   970
   929  1013  1011   970   971  1012
   929  1013   931   930   971   972
   931  1015  1013   972   973  1014
   931  1015   933   932   973   974
   933  1017  1015   974   975  1016
   933  1017   935   934   975   976
   935  1019  1017   976   977  1018
   935  1019   937   936   977   978
   937  1021  1019   978   979  1020
   937  1021   939   938   979   980
   939  1023  1021   980   981  1022
   939  1023   941   940   981   982
   941  1025  1023   982   983  1024
   941  1025   943   942   983   984
   985  1069  1067  1026  1027  1068
   985  1069   987   986  1027  1028
   987  1071  1069  1028  1029  1070
   987  1071   989   988  1029  1030
   989  1073  1071  1030  1031  1072
   989  1073   991   990  1031  1032
   991  1075  1073  1032  1033  1074
   991  1075   993   992  1033  1034
   993  1077  1075  1034  1035  1076
   993  1077   995   994  1035  1036
   995  1079  1077  1036  1037  1078
   995  1079   997   996  1037  1038
   997  1081  1079  1038  1039  1080
   997  1081   999   998  1039  1040
   999  1083  1081  1040  1041  1082
   999  1083  1001  1000  1041  1042
  1001  1085  1083  1042  1043  1084
  1001  1085  1003  1002  1043  1044
  1003  1087  1085  1044  1045  1086
  1003  1087  1005  1004  1045  1046
  1005  1089  1087  1046  1047  1088
  1005  1089  1007  1006  1047  1048
  1007  1091  1089  1048  1049  1090
  1007  1091  1009  1008  1049  1050
  1009  1093  1091  1050  1051  1092
  1009  1093  1011  1010  1051  1052
  1011  1095  1093  1052  1053  1094
  1011  1095  1013  1012  1053  1054
  1013  1097  1095  1054  1055  1096
  1013  1097  1015  1014  1055  1056
  1015  1099  1097  1056  1057  1098
  1015  1099  1017  1016  1057  1058
  1017  1101  1099  1058  1059  1100
  1017  1101  1019  1018  1059  1060
  1019  1103  1101  1060  1061  1102
  1019  1103  1021  1020  1061  1062
  1021  1105  1103  1062  1063  1104
  1021  1105  1023  1022  1063  1064
  1023  1107  1105  1064  1065  1106
  1023  1107  1025  1024  1065  1066
  1067  1151  1149  1108  1109  1150
  1067  1151  1069  1068  1109  1110
  1069  1153  1151  1110  1111  1152
  1069  1153  1071  1070  1111  1112
  1071  1155  1153  1112  1113  1154
  1071  1155  1073  1072  1113  1114
  1073  1157  1155  1114  1115  1156
  1073  1157  1075  1074  1115  1116
  1075  1159  1157  1116  1117  1158
  1075  1159  1077  1076  1117  1118
  1077  1161  1159  1118  1119  1160
  1077  1161  1079  1078  1119  1120
  1079  1163  1161  1120  1121  1162
  1079  1163  1081  1080  1121  1122
  1081  1165  1163  1122  1123  1164
  1081  1165  1083  1082  1123  1124
  1083  1167  1165  1124  1125  1166
  1083  1167  1085  1084  1125  1126
  1085  1169  1167  1126  1127  1168
  1085  1169  1087  1086  1127  1128
  1087  1171  1169  1128  1129  1170
  1087  1171  1089  1088  1129  1130
  1089  1173  1171  1130  1131  1172
  1089  1173  1091  1090  1131  1132
  1091  1175  1173  1132  1133  1174
  1091  1175  1093  1092  1133  1134
  1093  1177  1175  1134  1135  1176
  1093  1177  1095  1094  1135  1136
  1095  1179  1177  1136  1137  1178
  1095  1179  1097  1096  1137  1138
  1097  1181  1179  1138  1139  1180
  1097  1181  1099  1098  1139  1140
  1099  1183  1181  1140  1141  1182
  1099  1183  1101  1100  1141  1142
  1101  1185  1183  1142  1143  1184
  1101  1185  1103  1102  1143  1144
  1103  1187  1185  1144  1145  1186
  1103  1187  1105  1104  1145  1146
  1105  1189  1187  1146  1147  1188
  1105  1189  1107  1106  1147  1148
  1149  1233  1231  1190  1191  1232
  1149  1233  1151  1150  1191  1192
  1151  1235  1233  1192  1193  1234
  1151  1235  1153  1152  1193  1194
  1153  1237  1235  1194  1195  1236
  1153  1237  1155  1154  1195  1196
  1155  1239  1237  1196  1197  1238
  1155  1239  1157  1156  1197  1198
  1157  1241  1239  1198  1199  1240
  1157  1241  1159  1158  1199  1200
  1159  1243  1241  1200  1201  1242
  1159  1243  1161  1160  1201  1202
  1161  1245  1243  1202  1203  1244
  1161  1245  1163  1162  1203  1204
  1163  1247  1245  1204  1205  1246
  1163  1247  1165  1164  1205  1206
  1165  1249  1247  1206  1207  1248
  1165  1249  1167  1166  1207  1208
  1167  1251  1249  1208  1209  1250
  1167  1251  1169  1168  1209  1210
  1169  1253  1251  1210  1211  1252
  1169  1253  1171  1170  1211  1212
  1171  1255  1253  1212  1213  1254
  1171  1255  1173  1172  1213  1214
  1173  1257  1255  1214  1215  1256
  1173  1257  1175  1174  1215  1216
  1175  1259  1257  1216  1217  1258
  1175  1259  1177  1176  1217  1218
  1177  1261  1259  1218  1219  1260
  1177  1261  1179  1178  1219  1220
  1179  1263  1261  1220  1221  1262
  1179  1263  1181  1180  1221  1222
  1181  1265  1263  1222  1223  1264
  1181  1265  1183  1182  1223  1224
  1183  1267  1265  1224  1225  1266
  1183  1267  1185  1184  1225  1226
  1185  1269  1267  1226  1227  1268
  1185  1269  1187  1186  1227  1228
  1187  1271  1269  1228  1229  1270
  1187  1271  1189  1188  1229  1230
  1231  1315  1313  1272  1273  1314
  1231  1315  1233  1232  1273  1274
  1233  1317  1315  1274  1275  1316
  1233  1317  1235  1234  1275  1276
  1235  1319  1317  1276  1277  1318
  1235  1319  1237  1236  1277  1278
  1237  1321  1319  1278  1279  1320
  1237  1321  1239  1238  1279  1280
  1239  1323  1321  1280  1281  1322
  1239  1323  1241  1240  1281  1282
  1241  1325  1323  1282  1283  1324
  1241  1325  1243  1242  1283  1284
  1243  1327  1325  1284  1285  1326
  1243  1327  1245  1244  1285  1286
  1245  1329  1327  1286  1287  1328
  1245  1329  1247  1246  1287  1288
  1247  1331  1329  1288  1289  1330
  1247  1331  1249  1248  1289  1290
  1249  1333  1331  1290  1291  1332
  1249  1333  1251  1250  1291  1292
  1251  1335  1333  1292  1293  1334
  1251  1335  1253  1252  1293  1294
  1253  1337  1335  1294  1295  1336
  1253  1337  1255  1254  1295  1296
  1255  1339  1337  1296  1297  1338
  1255  1339  1257  1256  1297  1298
  1257  1341  1339  1298  1299  1340
  1257  1341  1259  1258  1299  1300
  1259  1343  1341  1300  1301  1342
  1259  1343  1261  1260  1301  1302
  1261  1345  1343  1302  1303  1344
  1261  1345  1263  1262  1303  1304
  1263  1347  1345  1304  1305  1346
  1263  1347  1265  1264  1305  1306
  1265  1349  1347  1306  1307  1348
  1265  1349  1267  1266  1307  1308
  1267  1351  1349  1308  1309  1350
  1267  1351  1269  1268  1309  1310
  1269  1353  1351  1310  1311  1352
  1269  1353  1271  1270  1311  1312
  1313  1397  1395  1354  1355  1396
  1313  1397  1315  1314  1355  1356
  1315  1399  1397  1356  1357  1398
  1315  1399  1317  1316  1357  1358
  1317  1401  1399  1358  1359  1400
  1317  1401  1319  1318  1359  1360
  1319  1403  1401  1360  1361  1402
  1319  1403  1321  1320  1361  1362
  1321  1405  1403  1362  1363  1404
  1321  1405  1323  1322  1363  1364
  1323  1407  1405  1364  1365  1406
  1323  1407  1325  1324  1365  1366
  1325  1409  1407  1366  1367  1408
  1325  1409  1327  1326  1367  1368
  1327  1411  1409  1368  1369  1410
  1327  1411  1329  1328  1369  1370
  1329  1413  1411  1370  1371  1412
  1329  1413  1331  1330  1371  1372
  1331  1415  1413  1372  1373  1414
  1331  1415  1333  1332  1373  1374
  1333  1417  1415  1374  1375  1416
  1333  1417  1335  1334  1375  1376
  1335  1419  1417  1376  1377  1418
  1335  1419  1337  1336  1377  1378
  1337  1421  1419  1378  1379  1420
  1337  1421  1339  1338  1379  1380
  1339  1423  1421  1380  1381  1422
  1339  1423  1341  1340  1381  1382
  1341  1425  1423  1382  1383  1424
  1341  1425  1343  1342  1383  1384
  1343  1427  1425  1384  1385  1426
  1343  1427  1345  1344  1385  1386
  1345  1429  1427  1386  1387  1428
  1345  1429  1347  1346  1387  1388
  1347  1431  1429  1388  1389  1430
  1347  1431  1349  1348  1389  1390
  1349  1433  1431  1390  1391  1432
  1349  1433  1351  1350  1391  1392
  1351  1435  1433  1392  1393  1434
  1351  1435  1353  1352  1393  1394
  1395  1479  1477  1436  1437  1478
  1395  1479  1397  1396  1437  1438
  1397  1481  1479  1438  1439  1480
  1397  1481  1399  1398  1439  1440
  1399  1483  1481  1440  1441  1482
  1399  1483  1401  1400  1441  1442
  1401  1485  1483  1442  1443  1484
  1401  1485  1403  1402  1443  1444
  1403  1487  1485  1444  1445  1486
  1403  1487  1405  1404  1445  1446
  1405  1489  1487  1446  1447  1488
  1405  1489  1407  1406  1447  1448
  1407  1491  1489  1448  1449  1490
  1407  1491  1409  1408  1449  1450
  1409  1493  1491  1450  1451  1492
  1409  1493  1411  1410  1451  1452
  1411  1495  1493  1452  1453  1494
  1411  1495  1413  1412  1453  1454
  1413  1497  1495  1454  1455  1496
  1413  1497  1415  1414  1455  1456
  1415  1499  1497  1456  1457  1498
  1415  1499  1417  1416  1457  1458
  1417  1501  1499  1458  1459  1500
  1417  1501  1419  1418  1459  1460
  1419  1503  1501  1460  1461  1502
  1419  1503  1421  1420  1461  1462
  1421  1505  1503  1462  1463  1504
  1421  1505  1423  1422  1463  1464
  1423  1507  1505  1464  1465  1506
  1423  1507  1425  1424  1465  1466
  1425  1509  1507  1466  1467  1508
  1425  1509  1427  1426  1467  1468
  1427  1511  1509  1468  1469  1510
  1427  1511  1429  1428  1469  1470
  1429  1513  1511  1470  1471  1512
  1429  1513  1431  1430  1471  1472
  1431  1515  1513  1472  1473  1514
  1431  1515  1433  1432  1473  1474
  1433  1517  1515  1474  1475  1516
  1433  1517  1435  1434  1475  1476
  1477  1561  1559  1518  1519  1560
  1477  1561  1479  1478  1519  1520
  1479  1563  1561  1520  1521  1562
  1479  1563  1481  1480  1521  1522
  1481  1565  1563  1522  1523  1564
  1481  1565  1483  1482  1523  1524
  1483  1567  1565  1524  1525  1566
  1483  1567  1485  1484  1525  1526
  1485  1569  1567  1526  1527  1568
  1485  1569  1487  1486  1527  1528
  1487  1571  1569  1528  1529  1570
  1487  1571  1489  1488  1529  1530
  1489  1573  1571  1530  1531  1572
  1489  1573  1491  1490  1531  1532
  1491  1575  1573  1532  1533  1574
  1491  1575  1493  1492  1533  1534
  1493  1577  1575  1534  1535  1576
  1493  1577  1495  1494  1535  1536
  1495  1579  1577  1536  1537  1578
  1495  1579  1497  1496  1537  1538
  1497  1581  1579  1538  1539  1580
  1497  1581  1499  1498  1539  1540
  1499  1583  1581  1540  1541  1582
  1499  1583  1501  1500  1541  1542
  1501  1585  1583  1542  1543  1584
  1501  1585  1503  1502  1543  1544
  1503  1587  1585  1544  1545  1586
  1503  1587  1505  1504  1545  1546
  1505  1589  1587  1546  1547  1588
  1505  1589  1507  1506  1547  1548
  1507  1591  1589  1548  1549  1590
  1507  1591  1509  1508  1549  1550
  1509  1593  1591  1550  1551  1592
  1509  1593  1511  1510  1551  1552
  1511  1595  1593  1552  1553  1594
  1511  1595  1513  1512  1553  1554
  1513  1597  1595  1554  1555  1596
  1513  1597  1515  1514  1555  1556
  1515  1599  1597  1556  1557  1598
  1515  1599  1517  1516  1557  1558
  1559  1643  1641  1600  1601  1642
  1559  1643  1561  1560  1601  1602
  1561  1645  1643  1602  1603  1644
  1561  1645  1563  1562  1603  1604
  1563  1647  1645  1604  1605  1646
  1563  1647  1565  1564  1605  1606
  1565  1649  1647  1606  1607  1648
  1565  1649  1567  1566  1607  1608
  1567  1651  1649  1608  1609  1650
  1567  1651  1569  1568  1609  1610
  1569  1653  1651  1610  1611  1652
  1569  1653  1571  1570  1611  1612
  1571  1655  1653  1612  1613  1654
  1571  1655  1573  1572  1613  1614
  1573  1657  1655  1614  1615  1656
  1573  1657  1575  1574  1615  1616
  1575  1659  1657  1616  1617  1658
  1575  1659  1577  1576  1617  1618
  1577  1661  1659  1618  1619  1660
  1577  1661  1579  1578  1619  1620
  1579  1663  1661  1620  1621  1662
  1579  1663  1581  1580  1621  1622
  1581  1665  1663  1622  1623  1664
  1581  1665  1583  1582  1623  1624
  1583  1667  1665  1624  1625  1666
  1583  1667  1585  1584  1625  1626
  1585  1669  1667  1626  1627  1668
  1585  1669  1587  1586  1627  1628
  1587  1671  1669  1628  1629  1670
  1587  1671  1589  1588  1629  1630
  1589  1673  1671  1630  1631  1672
  1589  1673  1591  1590  1631  1632
  1591  1675  1673  1632  1633  1674
  1591  1675  1593  1592  1633  1634
  1593  1677  1675  1634  1635  1676
  1593  1677  1595  1594  1635  1636
  1595  1679  1677  1636  1637  1678
  1595  1679  1597  1596  1637  1638
  1597  1681  1679  1638  1639  1680
  1597  1681  1599  1598  1639  1640
