 -0.9999093846951440    
 -0.9996882640283532    
 -0.9990651964557856    
 -0.9975148564572245    
 -0.9940555066314021    
 -0.9870405605073768    
 -0.9739668681956775    
 -0.9513679640727470    
 -0.9148792632645745    
 -0.8595690586898965    
 -0.7806074389832002    
 -0.6742714922484359    
 -0.5391467053879676    
 -0.3772097381640342    
 -0.1943570033249354    
   0.000000000000000    
  0.1943570033249354    
  0.3772097381640342    
  0.5391467053879676    
  0.6742714922484359    
  0.7806074389832002    
  0.8595690586898965    
  0.9148792632645745    
  0.9513679640727470    
  0.9739668681956775    
  0.9870405605073768    
  0.9940555066314021    
  0.9975148564572245    
  0.9990651964557856    
  0.9996882640283532    
  0.9999093846951440    
