  0.1161490439541570E-04
  0.1604398885852894E-04
  0.2193370025503293E-04
  0.2968663670972275E-04
  0.3979256936961217E-04
  0.5284123477065569E-04
  0.6953570627161845E-04
  0.9070612116060810E-04
  0.1173235010440464E-03
  0.1505133683694674E-03
  0.1915688324651429E-03
  0.2419627949824718E-03
  0.3033589073744851E-03
  0.3776209019039487E-03
  0.4668199121535835E-03
  0.5732393983329518E-03
  0.6993772958933316E-03
  0.8479450120833559E-03
  0.1021862903213153E-02
  0.1224251874890123E-02
  0.1458420758058121E-02
  0.1727849125498575E-02
  0.2036165227271720E-02
  0.2387118740717046E-02
  0.2784548053021647E-02
  0.3232341824496341E-02
  0.3734394621555302E-02
  0.4294556463333870E-02
  0.4916576198477944E-02
  0.5604038722495897E-02
  0.6360296164565422E-02
  0.7188393318730887E-02
  0.8090987770112945E-02
  0.9070265373050113E-02
  0.1012785197447840E-01
  0.1126472253995555E-01
  0.1248110912697219E-01
  0.1377640945347946E-01
  0.1514909811907401E-01
  0.1659664283933321E-01
  0.1811542833488303E-01
  0.1970069075783201E-01
  0.2134646571905345E-01
  0.2304555307896604E-01
  0.2478950166021179E-01
  0.2656861691232506E-01
  0.2837199428819532E-01
  0.3018758066641840E-01
  0.3200226556544211E-01
  0.3380200314583941E-01
  0.3557196509688967E-01
  0.3729672347452612E-01
  0.3896046143248235E-01
  0.4054720861090164E-01
  0.4204109677008742E-01
  0.4342663014205159E-01
  0.4468896398360245E-01
  0.4581418401632104E-01
  0.4678957889054890E-01
  0.4760389756250997E-01
  0.4824758356181582E-01
  0.4871297856875025E-01
  0.4899448851409384E-01
  0.4908870653415224E-01
  0.4899448851409384E-01
  0.4871297856875025E-01
  0.4824758356181582E-01
  0.4760389756250997E-01
  0.4678957889054890E-01
  0.4581418401632104E-01
  0.4468896398360245E-01
  0.4342663014205159E-01
  0.4204109677008742E-01
  0.4054720861090164E-01
  0.3896046143248235E-01
  0.3729672347452612E-01
  0.3557196509688967E-01
  0.3380200314583941E-01
  0.3200226556544211E-01
  0.3018758066641840E-01
  0.2837199428819532E-01
  0.2656861691232506E-01
  0.2478950166021179E-01
  0.2304555307896604E-01
  0.2134646571905345E-01
  0.1970069075783201E-01
  0.1811542833488303E-01
  0.1659664283933321E-01
  0.1514909811907401E-01
  0.1377640945347946E-01
  0.1248110912697219E-01
  0.1126472253995555E-01
  0.1012785197447840E-01
  0.9070265373050113E-02
  0.8090987770112945E-02
  0.7188393318730887E-02
  0.6360296164565422E-02
  0.5604038722495897E-02
  0.4916576198477944E-02
  0.4294556463333870E-02
  0.3734394621555302E-02
  0.3232341824496341E-02
  0.2784548053021647E-02
  0.2387118740717046E-02
  0.2036165227271720E-02
  0.1727849125498575E-02
  0.1458420758058121E-02
  0.1224251874890123E-02
  0.1021862903213153E-02
  0.8479450120833559E-03
  0.6993772958933316E-03
  0.5732393983329518E-03
  0.4668199121535835E-03
  0.3776209019039487E-03
  0.3033589073744851E-03
  0.2419627949824718E-03
  0.1915688324651429E-03
  0.1505133683694674E-03
  0.1173235010440464E-03
  0.9070612116060810E-04
  0.6953570627161845E-04
  0.5284123477065569E-04
  0.3979256936961217E-04
  0.2968663670972275E-04
  0.2193370025503293E-04
  0.1604398885852894E-04
  0.1161490439541570E-04
