 -0.9999675930679434    
 -0.9999538710056280    
 -0.9999350199250825    
 -0.9999093846951440    
 -0.9998748650487803    
 -0.9998288220728750    
 -0.9997679715995609    
 -0.9996882640283532    
 -0.9995847503515176    
 -0.9994514344352746    
 -0.9992811119217920    
 -0.9990651964557856    
 -0.9987935342988059    
 -0.9984542087676977    
 -0.9980333363154338    
 -0.9975148564572245    
 -0.9968803181281918    
 -0.9961086654375086    
 -0.9951760261553274    
 -0.9940555066314021    
 -0.9927169971968272    
 -0.9911269924416988    
 -0.9892484310901341    
 -0.9870405605073768    
 -0.9844588311674308    
 -0.9814548266773353    
 -0.9779762351866648    
 -0.9739668681956775    
 -0.9693667328969173    
 -0.9641121642235475    
 -0.9581360227102137    
 -0.9513679640727470    
 -0.9437347860527571    
 -0.9351608575219845    
 -0.9255686340686128    
 -0.9148792632645745    
 -0.9030132815135741    
 -0.8898914027842602    
 -0.8754353976304087    
 -0.8595690586898965    
 -0.8422192463507568    
 -0.8233170055064023    
 -0.8027987413432410    
 -0.7806074389832002    
 -0.7566939086337299    
 -0.7310180347925614    
 -0.7035500051471422    
 -0.6742714922484359    
 -0.6431767589852047    
 -0.6102736575006390    
 -0.5755844906351518    
 -0.5391467053879676    
 -0.5010133893793091    
 -0.4612535439395856    
 -0.4199521112784471    
 -0.3772097381640342    
 -0.3331422645776381    
 -0.2878799327427159    
 -0.2415663195388837    
 -0.1943570033249354    
 -0.1464179842905879    
 -0.9792388528783230E-01
 -0.4905596730507789E-01
   0.000000000000000    
  0.4905596730507789E-01
  0.9792388528783230E-01
  0.1464179842905879    
  0.1943570033249354    
  0.2415663195388837    
  0.2878799327427159    
  0.3331422645776381    
  0.3772097381640342    
  0.4199521112784471    
  0.4612535439395856    
  0.5010133893793091    
  0.5391467053879676    
  0.5755844906351518    
  0.6102736575006390    
  0.6431767589852047    
  0.6742714922484359    
  0.7035500051471422    
  0.7310180347925614    
  0.7566939086337299    
  0.7806074389832002    
  0.8027987413432410    
  0.8233170055064023    
  0.8422192463507568    
  0.8595690586898965    
  0.8754353976304087    
  0.8898914027842602    
  0.9030132815135741    
  0.9148792632645745    
  0.9255686340686128    
  0.9351608575219845    
  0.9437347860527571    
  0.9513679640727470    
  0.9581360227102137    
  0.9641121642235475    
  0.9693667328969173    
  0.9739668681956775    
  0.9779762351866648    
  0.9814548266773353    
  0.9844588311674308    
  0.9870405605073768    
  0.9892484310901341    
  0.9911269924416988    
  0.9927169971968272    
  0.9940555066314021    
  0.9951760261553274    
  0.9961086654375086    
  0.9968803181281918    
  0.9975148564572245    
  0.9980333363154338    
  0.9984542087676977    
  0.9987935342988059    
  0.9990651964557856    
  0.9992811119217920    
  0.9994514344352746    
  0.9995847503515176    
  0.9996882640283532    
  0.9997679715995609    
  0.9998288220728750    
  0.9998748650487803    
  0.9999093846951440    
  0.9999350199250825    
  0.9999538710056280    
  0.9999675930679434    
