  0.3208813366945178E-04
  0.5937356198247693E-04
  0.1056829831739953E-03
  0.1814131240119765E-03
  0.3010281997741137E-03
  0.4839279419160351E-03
  0.7552454743965615E-03
  0.1146484368725148E-02
  0.1695898266447087E-02
  0.2448515649876431E-02
  0.3455715046209973E-02
  0.4774260684945725E-02
  0.6464715068326729E-02
  0.8589154671047336E-02
  0.1120813191793253E-01
  0.1437685651080538E-01
  0.1814061891180581E-01
  0.2252955457639992E-01
  0.2755295281779945E-01
  0.3319344700302310E-01
  0.3940157301229942E-01
  0.4609133016763458E-01
  0.5313749207959196E-01
  0.6037545476519406E-01
  0.6760433485730892E-01
  0.7459380948441430E-01
  0.8109481135285784E-01
  0.8685368240400046E-01
  0.9162881336028063E-01
  0.9520825784921207E-01
  0.9742643064229334E-01
  0.9817789022528609E-01
  0.9742643064229334E-01
  0.9520825784921207E-01
  0.9162881336028063E-01
  0.8685368240400046E-01
  0.8109481135285784E-01
  0.7459380948441430E-01
  0.6760433485730892E-01
  0.6037545476519406E-01
  0.5313749207959196E-01
  0.4609133016763458E-01
  0.3940157301229942E-01
  0.3319344700302310E-01
  0.2755295281779945E-01
  0.2252955457639992E-01
  0.1814061891180581E-01
  0.1437685651080538E-01
  0.1120813191793253E-01
  0.8589154671047336E-02
  0.6464715068326729E-02
  0.4774260684945725E-02
  0.3455715046209973E-02
  0.2448515649876431E-02
  0.1695898266447087E-02
  0.1146484368725148E-02
  0.7552454743965615E-03
  0.4839279419160351E-03
  0.3010281997741137E-03
  0.1814131240119765E-03
  0.1056829831739953E-03
  0.5937356198247693E-04
  0.3208813366945178E-04
