 -0.9999538710056280    
 -0.9999093846951440    
 -0.9998288220728750    
 -0.9996882640283532    
 -0.9994514344352746    
 -0.9990651964557856    
 -0.9984542087676977    
 -0.9975148564572245    
 -0.9961086654375086    
 -0.9940555066314021    
 -0.9911269924416988    
 -0.9870405605073768    
 -0.9814548266773353    
 -0.9739668681956775    
 -0.9641121642235475    
 -0.9513679640727470    
 -0.9351608575219845    
 -0.9148792632645745    
 -0.8898914027842602    
 -0.8595690586898965    
 -0.8233170055064023    
 -0.7806074389832002    
 -0.7310180347925614    
 -0.6742714922484359    
 -0.6102736575006390    
 -0.5391467053879676    
 -0.4612535439395856    
 -0.3772097381640342    
 -0.2878799327427159    
 -0.1943570033249354    
 -0.9792388528783230E-01
   0.000000000000000    
  0.9792388528783230E-01
  0.1943570033249354    
  0.2878799327427159    
  0.3772097381640342    
  0.4612535439395856    
  0.5391467053879676    
  0.6102736575006390    
  0.6742714922484359    
  0.7310180347925614    
  0.7806074389832002    
  0.8233170055064023    
  0.8595690586898965    
  0.8898914027842602    
  0.9148792632645745    
  0.9351608575219845    
  0.9513679640727470    
  0.9641121642235475    
  0.9739668681956775    
  0.9814548266773353    
  0.9870405605073768    
  0.9911269924416988    
  0.9940555066314021    
  0.9961086654375086    
  0.9975148564572245    
  0.9984542087676977    
  0.9990651964557856    
  0.9994514344352746    
  0.9996882640283532    
  0.9998288220728750    
  0.9999093846951440    
  0.9999538710056280    
