  0.1187484378271595E-03
  0.3628302624680808E-03
  0.9678665925484063E-03
  0.2292994107706537E-02
  0.4897085482322761E-02
  0.9548627018272048E-02
  0.1717849940927818E-01
  0.2875403116335220E-01
  0.4505960770348939E-01
  0.6638762853525475E-01
  0.9218368027840029E-01
  0.1207522455632202    
  0.1491892696359569    
  0.1737092867706880    
  0.1904186225373517    
  0.1963579530037270    
  0.1904186225373517    
  0.1737092867706880    
  0.1491892696359569    
  0.1207522455632202    
  0.9218368027840029E-01
  0.6638762853525475E-01
  0.4505960770348939E-01
  0.2875403116335220E-01
  0.1717849940927818E-01
  0.9548627018272048E-02
  0.4897085482322761E-02
  0.2292994107706537E-02
  0.9678665925484063E-03
  0.3628302624680808E-03
  0.1187484378271595E-03
