1UNSYMMETRIC BASIS FROM LP PROBLEM BP                                   BP   800
          1104            64           284           756             0          
RUA                      822           822          4534             0          
(13I6)          (16I5)          (1P6E13.5)                                      
     1     2     4     5    15    21    28    29    30    31    32    39    40  
    47    63    75    79    86    90    98   105   113   121   122   123   129  
   130   131   139   151   165   166   172   173   175   176   177   191   192  
   193   194   195   196   200   201   202   208   209   210   217   230   231  
   232   233   234   235   236   237   238   239   247   248   249   256   265  
   268   283   284   285   287   288   289   290   291   298   299   314   315  
   316   317   319   323   331   340   349   358   359   360   367   368   376  
   384   385   391   392   393   394   406   407   427   430   438   454   455  
   456   457   458   465   466   467   468   469   470   471   481   482   496  
   497   503   504   505   507   513   514   515   522   523   524   531   532  
   541   542   555   556   562   563   579   580   581   582   583   587   588  
   589   591   592   593   594   602   603   604   611   613   620   621   628  
   629   630   646   648   655   662   663   671   672   673   674   682   689  
   690   699   700   708   711   712   713   715   719   720   721   736   737  
   738   739   740   741   742   743   747   748   750   759   760   761   763  
   764   765   766   767   768   769   770   771   772   773   774   775   776  
   783   791   798   799   807   814   832   848   854   860   861   868   878  
   885   894   901   921   928   935   942   949   956   962   963   970   971  
   978   979   980   981   993   996   997  1013  1014  1021  1023  1024  1025  
  1026  1027  1028  1029  1030  1037  1044  1051  1057  1062  1063  1071  1072  
  1073  1082  1083  1085  1094  1106  1107  1108  1109  1110  1117  1118  1124  
  1125  1134  1141  1142  1143  1144  1145  1158  1165  1166  1173  1180  1187  
  1199  1206  1207  1208  1209  1210  1211  1212  1213  1214  1215  1223  1230  
  1231  1232  1233  1234  1240  1241  1242  1251  1253  1255  1257  1259  1275  
  1279  1281  1283  1286  1289  1292  1295  1301  1309  1312  1315  1318  1321  
  1324  1327  1333  1336  1339  1342  1345  1348  1351  1354  1357  1360  1364  
  1371  1374  1377  1380  1383  1386  1392  1396  1398  1402  1406  1410  1414  
  1416  1419  1433  1437  1441  1445  1449  1457  1465  1473  1478  1486  1495  
  1497  1503  1509  1515  1524  1533  1542  1545  1547  1553  1566  1574  1584  
  1592  1601  1607  1613  1619  1628  1636  1643  1644  1654  1662  1670  1674  
  1680  1683  1687  1693  1696  1698  1700  1706  1712  1722  1724  1732  1745  
  1749  1750  1764  1766  1768  1770  1773  1780  1783  1786  1788  1796  1798  
  1800  1802  1804  1812  1819  1832  1834  1835  1842  1849  1862  1875  1877  
  1881  1885  1895  1901  1908  1910  1922  1924  1926  1933  1938  1940  1948  
  1951  1956  1965  1971  1979  1986  1992  1996  2014  2021  2028  2031  2035  
  2042  2050  2052  2058  2065  2069  2078  2086  2088  2092  2099  2103  2110  
  2114  2115  2116  2121  2128  2135  2139  2151  2158  2166  2174  2179  2186  
  2192  2199  2205  2211  2221  2223  2228  2235  2251  2258  2263  2264  2276  
  2281  2286  2292  2297  2312  2317  2321  2327  2329  2331  2333  2335  2338  
  2343  2345  2353  2367  2369  2374  2380  2385  2389  2394  2398  2411  2416  
  2420  2423  2437  2445  2452  2462  2481  2488  2496  2500  2505  2510  2516  
  2522  2529  2533  2539  2540  2545  2549  2555  2559  2563  2568  2575  2581  
  2585  2591  2596  2600  2605  2616  2622  2625  2632  2637  2642  2646  2654  
  2657  2662  2669  2676  2679  2691  2698  2709  2714  2723  2727  2732  2737  
  2742  2750  2754  2760  2769  2773  2778  2783  2787  2792  2798  2805  2811  
  2818  2821  2829  2832  2836  2840  2844  2862  2867  2871  2884  2888  2896  
  2901  2905  2913  2918  2931  2934  2940  2947  2963  2967  2971  2975  2983  
  2987  2993  2996  3004  3011  3016  3027  3033  3038  3039  3047  3054  3062  
  3077  3088  3091  3102  3112  3122  3138  3142  3145  3164  3174  3178  3182  
  3189  3196  3203  3210  3211  3218  3225  3245  3247  3249  3256  3264  3268  
  3272  3285  3290  3295  3302  3316  3320  3325  3330  3333  3337  3344  3364  
  3371  3377  3396  3409  3414  3418  3429  3431  3444  3449  3455  3463  3471  
  3479  3487  3495  3503  3511  3524  3531  3538  3540  3559  3565  3572  3586  
  3587  3595  3604  3605  3606  3608  3615  3626  3634  3641  3646  3653  3660  
  3676  3692  3695  3701  3706  3710  3712  3718  3722  3724  3731  3741  3749  
  3758  3765  3772  3776  3787  3799  3801  3805  3825  3827  3834  3841  3843  
  3847  3865  3873  3877  3883  3890  3897  3913  3920  3927  3935  3956  3963  
  3969  3984  3990  3997  4004  4011  4016  4023  4030  4046  4053  4060  4067  
  4080  4092  4099  4104  4111  4117  4128  4130  4146  4153  4162  4168  4170  
  4172  4181  4190  4193  4196  4207  4218  4220  4222  4233  4237  4238  4243  
  4251  4254  4264  4272  4279  4286  4293  4300  4307  4314  4321  4325  4330  
  4336  4342  4347  4351  4355  4363  4370  4385  4391  4397  4404  4407  4415  
  4418  4421  4432  4437  4439  4449  4463  4475  4482  4497  4510  4516  4517  
  4524  4529  4534  4535                                                        
    1    1   26   72  679  690  701  721  722  723  724  725  742  759  418  453
  502  503  504  520   44   77  112  114  116  117  119   94   95   97   98  307
  325  353  354  355  356  357  100   48   77  112  114  116  117  119  365  366
  375  376  377  379  385  389  393  395  409  410  506  513  514  521    1  297
  299  300  303  316  333  338  341  342  343  344    1   19   25  811    1   33
   87  325  353  355  356    1   25  448  601    1   43   75  106  107  108  109
  110  177  226  280  281  282  283  284    1   70   75  106  107  108  109  110
    1  375  378  379  383  466  506  522  111  112    1   25  153  157  695  781
  114  115    1  429  471  472  473  474  475  505    1  375  376  378  381  382
  406  409  419  469  506  522  672  676  690  693  699  704  712  726  727  728
  729  730  731  742  119   45   79  113  115  118  120  121   70   71  123  124
    1   43   45   47   56   70   71   75   93  106  107  108  109  110  126  127
  128  129  130  705  733  734  750  132  133   52   86  134  135  136  137  135
  136  312  332  358  359  360  361  362    1   37   40   42   43   44   47   48
   50   70   71   91   92  213  230  231  232  233  234  235  236  237  405  445
  470  495  496  497  506  521  240  241    1  198  229  242  243  244  245    1
  150  151  154  157  181  193  194  234    1  242  245  146  151  154  159  161
  163  167  178  183  193  194  231  232  278  279  248   31  467  468  251  252
  253  254  306  332  358  359  360  361  362  256    1  375  376  384  389  431
  464  476  477  478  479  480  506  521  522   91  259  260   45   46    1  187
  188  195  190  213  220  261  262  263  265  266  163  213  220  261  262  263
  264  265  266  173  213  220  261  262  263  264  265  266  219  220  221  263
  266  267  268  269  271  267  109    1  181  196  238  239  240  241  270    1
  668  692  713  718  719  720  753  191  213  220  261  262  263  265  266  273
   23  225  272  273  274  275  275  276  277  672  676  690  693  700  707  712
  737  738  739  740  741  279  365  372  375  376  377  379  384  389  393  403
  409  412  416  419  427  468  506  513  514  521    1  141  813  160  162  226
  280  281  282  283  284    1  150  151  177  188  189  191  193  194  221  235
  267  268  269  270  271  284  296  334  335  180  221  267  268  269  270  271
  337  338  339  340  341  342    1   25  707  737  738  739  740  741  743  811
  344    1   43   44   47   57   70   71   75   93  106  107  108  109  110  346
    1   51   59   65   67   70  348  349  322  323  307  322  349  350  351  352
  352  353  314  325  353  354  355  356  357  355  356  306  325  353  354  355
  356  357  358    1  153  193  196  237  238  239  240  241  360    1  297  299
  300  302  304  318  333  338  345  346  347  348  357    1   25   28  319  364
  594  365  365  371  375  376  377  379  384  389  393  397  409  411  506  513
  514  521  461  462  463  464    1   33  139  320  466  467  191  192  469  470
  472  163  214  255  256  257  258  259  260  474  475  389  457  523  524  525
  526  527  675  676   23  226  280  281  282  283  284  480  393  446  490  491
  492  493  494  483  484    1  150  151  178  188  189  190  193  194  221  235
  267  268  269  270  271  678  690  404  443  485  486  487  488  489  557  609
  653  654  655  656  657  489  422  450  498  499  500  501  508  516  491  492
  493    1  671  692  713  718  719  720  753  179  226  280  281  282  283  284
  496  416  418  445  470  495  496  497  506  521  498  387  450  498  499  500
  501  508  516    1  368  813  501  502  149  150    1   14   25  446  507  508
  144  149  151  153  156  161  163  165  170  176  193  194  231  232  279  510
  511  512  513  514  515  516    1   33   86  327  519   67   69    1   47   71
   79   97  113  115  118  120  524  525   46   47  527  534  539  583  586  596
  612  613  614  615  616  617  618  557  607  648  649  650  651  652    1  577
  578  589  619  620  621  622    1  666  692  718  719  720  753  624    1  577
  578  591  623  624  625  626    1  541  591  623  624  625  626  532  533  534
  537  540  541  543  544  545  546  547  555  557  562  582  613  614  615  529
  537  540  541  542  544  545  546  547  548  556  560  582  613  614  615    1
  332  359  360  361  792    1   12   25   31  598  629  631  558  600  632  633
  634  635  636    1   25   31  446  491  492  493  494  510  800  555  600  632
  633  634  635  636  545  546  600  632  633  634  635  636  637  552  558  567
  569  575  582  616    1   43   44   47   56   70   71   74   75   93  101  102
  103  104  105  106  107  108  109  110  556  609  653  654  655  656  657  578
  602  638  639  640  641  642  556  602  638  639  640  641  642    1  544  591
  623  624  625  626  558  602  638  639  640  641  642    1   58   59   65   67
   70  644  559  607  648  649  650  651  652  646  565  609  653  654  655  656
  657  648  649  650  398  420  450  498  499  500  501  506  507  508  516  521
  544  594  781  653  531  537  540  541  542  544  545  546  547  554  558  565
  582  613  614  615  655  567  609  653  654  655  656  657  581  582  693  698
  710  711  712  713  714    1  691  715  716  717  752  757    1  670  691  713
  715  716  717  170  221  267  268  269  270  271  804  805  806  807  809  810
    1   25  222  452  510  722  676  701  721  722  723  724  725  742  724  725
  682  704  726  727  728  729  730  731  742  727  390  391  680  704  726  727
  728  729  730  731  742  660  666  667  668  670  673  676  679  680  685  690
  710  726  732  733  734  311  332  358  359  360  361  362  736  707  737  738
  739  741  749  739  676  704  726  727  728  729  730  731  742  672  707  737
  738  739  740  741  741  742  743  752  672  676  690  693  700  701  712  721
  722  723  724  725  742    1   25  669  671  674  758  798  759  688  707  737
  738  739  740  741  684  703  760  761  762  763  764  680  703  760  761  762
  763  764  672  676  690  693  700  703  712  760  761  762  763  764  683  703
  760  761  762  763  764  765  781  782  783  784  785  786  787  788  546  547
  609  653  654  655  656  657    1  189  198  242  243  244  245  814  815  816
  818  185  225  272  273  274  275  820  821    1   51   71   79   97  113  115
  118  120    1   27    1   28    1   29    1   30  145  147  151  154  157  161
  163  168  169  178  185  193  194  231  232  279    1    5   25  453    1   25
    1  817    1   36  812    1  373  812    1  664  812    1   37  814    1   25
   28   57  140  289  168  214  255  256  257  258  259  260    1  532  814    1
  663  814    1  146  815    1  371  815    1  535  815    1   38  817  410  453
  502  503  504  520    1  293  817    1  366  817    1  529  817    1  658  817
    1  145  818    1  374  818    1  533  818    1  147  819    1  372  819  547
  551  554  599  157  193  202  237  246  247  248    1  665  820    1   35  821
    1  662  821    1  148  822    1  370  822  408  443  485  486  488  489    1
   25   27  425    1   74    1   25   27  432    1   25   27  434    1   25   29
  440    1   25   30  441    1   79    1   25  780    1   43   45   47   57   70
   71   74   93  101  102  103  104  105    1   25   31  447    1   25   32  451
    1   25   32  454    1   25   32  227    1   25  100  302  333  337  364  671
    1   70   74  101  102  103  104  105   66   81  123  124  125  126  128  129
   75  106  109  110  139    1   56   74  101  102  103  104  105   44   81  123
  124  125  126  127  128  129    1  377    1   25  156  384  461  510   47   84
  130  131  132  133   47   86  134  135  136  137   48   81  123  124  125  126
  127  128  129   49   81  123  124  125  126  127  128  129   50   81  123  124
  125  126  127  128  129    1  106  107   67   71   53   86  134  135  136  137
    1   54   58   59   67   70   71   86   90  134  135  136  137    1   55   58
   59   63   67   71   94    1  379  431  460  476  477  478  479  480  506    1
   57   74  101  102  103  104  105   58   81  123  124  125  126  127  128  129
   60   84  130  131  132  133   61   86  134  135  136  137   62   84  130  131
  132  133   59   63   71   86   94  134  135  136  137    1   64   74  101  102
  103  104  105  403  446  490  491  492  493  494  362    1   66   71   79   97
  113  115  118  120  122   66   77  112  114  116  117  119  121    1  385  433
  481  482  483  484  506    1   79   80  122   81   82  123  127  128  129   80
   82   83   47   50   52   89   86   88  134  135  136  137   47   52   85   70
   72   42   44  389  393  408  440  463  506   59   86  134  135  136  137    1
   25   66  704  726  727  728  729  730  731   41   73    1   40   41   58   59
   67   71   94    1   39   43   45   46   47   49   51   53   70   71   91   92
   74  104  105  138  465  148  149  151  154  156  161  163  166  175  193  194
  231  232  279    1  150    1  152  150  194  150  151  152  175  221  267  268
  269  270  271  198  199  242  143  193  279  161  193  393  445  470  495  496
  497  506  521  193  214  297  340  297  299  297  300    1   25  100  303  333
  337  364  670  424  457  523  524  525  526  527    1   38   43   45   46   47
   49   51   53   70   71   91  111  301  319  102  545  609  653  654  655  656
  657  313  325  353  354  355  356  357    1  297  299  300  302  304  318  333
  338  345  346  347  348    1  297  299  300  303  305  316  333  338  341  342
  343  344  325  333  316  317  341  342  318  320  345  346  395  443  470  485
  486  487  488  489  506  521  325  327  353  354  355  356    1  369  438  441
  446  455  816  369  506    1   25  510  672  676  677  679  680  690  742  759
  780  376  522  376  378  403  443  485  486  487  488  489  389  394  405  408
  444  505  506    1   25   43   44   98  100  140  798    1  476  480    1   33
   47   53  326  546  547  600  632  633  634  635  636  637  408  446  490  491
  493  494  546  547  598  627  628  629  630  631  391  443  485  486  487  488
  489  394  443  486  487  488  489  389  392  441  506  529  533  534  537  540
  541  542  544  545  546  547  555  557  566  582  613  614  615  396  443  485
  486  487  488  489  397  443  485  486  487  488  489  543  594  781  387  517
  518  519  416  446  490  491  492  493  494  395  445  470  495  496  497  506
  521  407  506  446  448  490  491  492  493  393  443  485  486  487  488  489
    1   25  438  594    1    7   25   27  376  382  385  505  512  396  445  470
  495  496  497  506  521  441  442  389  393  441  506    1   12   25   31  443
  485  486  431  432  476  512    1  433  481  482  483  484  505  453  456  503
  504   99  729  417  445  495  496  497  545  607  648  649  650  651  652    1
   14   25   31  214  256  260  390  517  518  519  446  450  490  491  492  493
  498  499  500  501  508  516  409  457  523  524  525  526  527  402  410  415
  418  420  449  467  506  402  413  415  418  420  449  467  506  546  547  582
  597  618  386  457  523  524  525  526  527  402  453  502  503  504  520    1
  576  591  623  624  625  626  411  453  502  503  504  520  414  453  502  503
  504  520  446  453  490  491  492  493  502  503  504  520  677  690    1   25
   32  611  810  421  450  498  499  500  508  516  365  372  375  376  377  379
  384  389  393  403  409  412  506  513  514  521  428  457  523  524  525  526
  527    1   25  707  800  801  280  399  423  450  498  499  500  501  506  507
  508  516  521  400  422  506  507  521  401  421  506  507  521  419  453  502
  503  504  520  379  385  439  511  781  147  151  155  158  161  163  168  184
  193  194  231  232  277  279  781  453  455  502  504  520  457  459  525  526
  457  458  523  524  525  526  538  540    1  540    1  541  537  540    1  619
  620  602  603  638  639  642  667  714    1   25  691  715  716  717  752  805
    1   43   45   47   56   70   71   74   93  101  102  103  104  105    1  798
    1   25   28  594  799    1   25   27  425  510  803    1   25   27  425  774
    1   25  197  432    1   25   27  590  746    1   25  432  590    1  150  151
  154  158  193  194  196  234  238  239  240  241    1   25   27  199  745    1
   25  434  592    1  718  753    1  375  376  385  389  433  464  481  482  483
  484  506  521  522    1    8   25   27  433  481  484  512    1    8   25   27
  591  623  624    1    8   25  510  691  692  716  717  719  720  141  149  151
  153  156  161  163  164  178  193  194  221  230  267  268  269  270  271  279
    1   25   27  433  481  510  806    1  301  316  338  341  342  343  344    1
   25  201  594    1   25   28  201  694    1   25   28  201  766    1   25   28
   57  140  285  175  225  272  273  274  275    1  543  589  619  620  621  622
    1   25  289  593    1   25   28  289  669  713  494    1   25   28  695  798
    1   25  206  440    1  798  800  801  802  817    1   25  206  290    1   25
  290  597    1   10   25   29  206    1   25   30   76  140  442  510    1   25
  207  276  442  510    1   25  442  595    1   25   30  442  510  699    1   25
   30  207  808    1   25  747  808    1    9   25   30  442    1   12   25   77
  112  114  116  119  121  140  510    1   12   25   31  210  252  379  438  781
    1   12   25  510  701  721  724    1   12   25  510  767    1   12   25   31
  777    1   33   79  321    1   25   31  214  256  257  260  748    1  531  819
    1   25  701  742  809  547  598  627  628  629  630  631  578  600  632  633
  634  635  636  767  768  769    1  375  376  378  381  382  407  409  418  469
  506  522    1   11   25   31  598  628  629    1   25   31  214  255  256  257
  258  259  260  778    1   13   25   31  444    1  376  429  471  472  473  474
  475  506    1   25  291  601    1   25   31  291  702    1   25  212  448  510
    1   25   81  800  801    1  382  433  481  482  483  484  506    1   33   83
  324    1   25   32  409  510  769    1   25   81  123  124  127  128  129  704
    1   25  793  800    1   15   25   31  447    1   15   25   31  604    1   25
  323  704    1   16   25   31  447  602  604  638  639  640  642    1   86  134
  135  136  137  789    1  705  733  734  736  789    1   84  130  131  132  133
  790    1  330  790    1  703  760  761  762  763  764  790    1  790  811    1
   25  219  451    1   25  219  606    1   25  224  455  145  147  151  155  158
  161  163  167  169  178  185  193  194  231  232  277  279  781    1   25   32
  224  770    1   25  224  286    1    3   25   32  221  226  267  268  271  280
  281  282  284    1   25  292  611    1   52   58   59   60   67   71   94    1
   25   32  455  794    1   25  705  795    1   65   74  101  102  103  104  105
    1   18   25   32  219    1   36   43   45   46   47   48   50   55   70   71
   91   92  666  668  694    1   25  454  502  520  610    1   25   32  610  706
  733  734    1  150  151  171  188  189  191  193  194  221  235  267  268  269
  270  271    1   25   89  797    1   25  328  797    1   25  223  454    1   25
   32  453  504  510  520  771    1   25  223  287    1   25  743  750  800  801
  450  451  501    1    4   25   32  607  648  649  650    1   25  457  523  525
  526  779    1   84  132  133  791  221  222  226  267  268  269  271  280  281
  282  284  609  611  653  654  655  657    1    5   25   32  453  509    1   25
   43   57   98  100  140  671    1  692  718  719  720  753  755    1    7   25
   27  379  382  505  512  365  370  375  376  377  379  384  387  389  394  405
  409  506  513  521    1   25   27  431  476  477  478  479  480  510  756    1
  294  813    1   25   27  431  476  477  478  479  480  510  805    1   25  431
  476  477  478  479  480  510  585    1   25  431  476  477  478  479  480  510
  584  294  297  299  300  301  303  305  306  308  310  312  333  334  335  336
  337    1   33   48  308    1  295  814  365  373  375  376  377  379  385  389
  392  396  402  409  415  418  423  449  467  506  521    1   25   31  221  267
  268  269  270  271  800    1   33   50  310    1   33   51  309  423  457  523
  524  525  526  527    1   25   32  453  510  520  772    1   25   32  453  510
  520  773  176  226  280  281  282  283  284  266   22  226  280  281  282  283
  284   23  221  267  268  269  270  271  365  373  375  376  377  379  385  388
  389  392  396  409  416  418  423  468  506  513  514  521  179  193   19   20
    1  142  201  207  214  224  816    1  528  594  595  596  600  609  816    1
  367  798  817    1  659  798  817    1   34   42   43   44   47   48   50   52
   70   71   91   92    1   46   47   49   78    1   64   68   70   95    1   43
   45   46   47   76  111    1   53   58   59   61   67   70   71   86   90  134
  135  136  137  154  155  277  781  162  163  193  206  236  159  202  246  247
  248  153  200  781  153  158  200  781    1  181  198  242  243  244  245   23
  143  145  149  151  155  158  160  162  165  169  171  178  193  194  231  232
  277  279  781  578  609  653  654  655  656  657    1   25   27  198  242  807
   21  141  145  149  151  153  156  157  160  162  164  169  170  178  193  194
  231  232  279    1  150  151  154  158  193  194  196  234  238  239  240  241
  160  202  246  247  248  161  163  193  203    1  666  667  668  671  674  676
  690  711  756  758  183  228    1   43   47   56   70   71   74   93  101  102
  103  104  105  163  193  206  208  236  161  163  193  203  204  236  164  210
  249  250  251  252  253  254  165  214  255  256  257  258  259  260  166  210
  249  250  251  252  253  254  167  210  249  250  251  252  253  254  168  210
  249  250  251  252  253  254  169  210  249  250  251  252  253  254  170  214
  255  256  257  258  259  260  658  666  667  669  671  674  675  676  677  678
  684  690  710  308  325  353  354  355  356  357  184  221  267  268  269  270
  271  185  228   24  144  145  149  151  153  156  157  161  163  165  169  170
  178  193  194  231  232  279  398  453  502  503  504  520  173  221  267  268
  269  270  271  174  177  179  180  191  193  217  221  233  267  268  269  270
  271  261  415  445  470  495  496  497  506  521  180  213  220  261  262  263
  264  265  266  257  336  186  193    1  189  196  238  239  240  241    1  297
  299  300  302  316  333  338  341  342  344  191  210  249  250  251  252  253
  254    1  196  229  238  239  240  241  214  215  257  258  260  214  216  255
  256  257  258  260  160  161  162  163  164  170  209  293  297  299  300  301
  302  304  306  307  309  311  333  334  335  336  337  295  297  299  300  301
  303  305  306  308  310  313  333  334  335  336  337  297  298  299  306  322
  349  350  351  352  311  314  315  333  339    1   33   74  317  315  363  329
  332  358  359  360  361  306  321  331  332  375  376    1  383  429  472  473
  474  475    1  379  429  460  471  472  473  474  475  506    1  380  429  471
  472  473  474  475    1  381  429  471  472  473  474  475  506    1  379  383
  425  460  505  506    1  379  383  426  460  505  506    1   25  182  436    1
  375  376  380  385  435  464  505  506  521  522    1  375  376  380  385  435
  437  464  505  506  521  522  506  521  429  430  471  512  365  368  375  376
  377  379  384  386  389  391  396  409  416  418  422  468  506  513  514  521
  537  582    1  541  589  619  620  621  622    1  584  589  619  620  621  622
  542  543  544  582  583  586  531  533  534  537  540  541  542  544  545  546
  547  552  558  565  582  613  614  615  545  546  602  638  639  640  641  642
  545  546  594  781  547  550  553  557  558  599  547  605  643  644  645  646
  647  548  598  627  628  629  630  631  530  537  540  541  543  544  545  546
  547  550  557  561  582  613  614  615  578  598  627  628  629  630  631  555
  598  627  628  629  630  631  548  556  605  643  644  645  646  647  365  374
  375  376  377  379  384  389  393  404  409  414  417  419  424  467  506  513
  514  515  521  558  607  648  649  650  651  652  566  568  573  578  582  616
  142  151  155  158  160  162  165  171  173  193  194  231  277  279  781  560
  568  570  578  582  616  562  607  648  649  650  651  652  561  607  648  649
  650  651  652  563  609  653  654  655  656  657  564  568  572  582  616  579
  600  632  633  634  635  636  567  607  648  649  650  651  652  536  537  540
  541  542  544  545  546  547  551  557  564  582  613  614  615  570  605  643
  644  645  646  647  573  607  648  649  650  651  652  571  605  643  644  645
  646  647    1   17   25   32  547  571  572  607  648  649  650  651  652    1
  538  540  541  556  568  576  577  578  580  582  617  546  547  556  607  608
  650  652    1  576  584  587  588    1  543  591  623  624  625  626  563  568
  571  578  582  616    1  538  540  541  569  576  577  579  581  582  617  580
  582  532  537  540  541  543  544  545  546  547  549  556  563  582  613  614
  615  160  162  225  272  273  274  275  415  418  445  470  495  496  497  506
  521  547  550  553  557  558  599  548  549  690  694    1   25  433  481  482
  483  484  510  584  165  213  220  261  262  263  264  265  266  668  671  696
  671  672  696    1  666  667  668  670  672  690  711  713  754  758    1  666
  667  668  670  672  690  711  713  755  758  672  674  672  673    1  666  667
  668  671  674  676  690  711  757  758  674  675  693  699  735    1   25  380
  505  587  681  701  721  722  723  724  725  742  707  708  737    1   25   31
  600  632  633  635  636  637  780    1  429  436  471  472  473  474  475  684
  705  732  733  734  735  736  685  705  732  733  734  735  736  686  705  732
  733  734  735  736  687  705  732  733  734  735  736  678  703  760  761  762
  763  764  689  705  732  733  734  735  736  683  705  732  733  734  735  736
  676  677  684  709    1   25  692  718  744  705  732  733  734  736  751  803
  804  805  806  807  810    1   25   27  426  775    1   25  195  430    1   25
  195  288    1    6   25   27  429  471  475  512    1   17   18   25   32  450
  501  141  149  151  153  156  160  162  164  170  172  193  194  231  232  279
  160  162  163  167  171  211  562  568  574  578  582  616  575  607  648  649
  650  651  652    1   34  813    1  301  318  338  345  346  347  348    1  530
  813    1  660  813    1   59   64   65   66   67   68   69   70   95   96  160
  161  162  164  205  190  192    1  150  151  154  158  186  187  193  194  234
  173  177  179  180  191  193  217  221  233  267  268  269  270  271  162  175
  177  178  193  218  221  267  268  269  270  271  548  602  638  639  640  641
  642  535  537  541  542  544  545  546  547  553  558  567  582  613  614  615
  661  666  667  669  671  674  675  676  677  678  686  690  710  672  675  677
  693  697  698  202  153  193  202  237  246  247  248    1   25   28  202  776
    1   25   28  202  796    2                                                  
  1.00000E+00  1.00000E-03 -1.00000E+00  1.00000E+00 -1.00000E+00 -5.50000E-02  
  1.00000E+00 -3.80000E+00 -3.00000E+00 -3.01000E+00  7.00000E+00 -6.50000E+00  
  1.00000E+00  1.00000E+00 -1.00000E+00  1.00000E+00 -9.23000E+00  4.30000E+01  
 -1.60000E+01  8.56000E+00 -1.00000E+00  1.00000E+00 -9.27000E+00  7.82000E+00  
 -3.50000E+00  3.38900E+01 -1.60000E+01  1.00000E+00  1.00000E+00  1.00000E+00  
  1.00000E+00 -1.00000E+00  1.00000E+00 -2.22200E+01  1.91300E+01 -2.72000E+01  
 -6.40000E+01 -4.00000E+00  1.00000E+00 -1.00000E+00  1.00000E+00  7.10000E-01  
 -2.16000E+00  2.75000E+00 -3.17000E+00 -1.00000E+00  1.00000E+00  1.01000E+00  
  2.40000E-03  9.90000E-03  2.20000E-03  3.82000E-02  1.08100E-01  2.42000E-02  
  1.01000E-01  9.29000E-02  5.00000E-03  6.09300E-01 -1.70000E-02  1.00000E+00  
 -1.00000E+00  4.80000E-03  1.51000E-01  1.04000E-01  7.00000E-02  1.04000E-01  
 -1.00000E+00  7.22000E-01 -1.26000E-01  1.00000E+00 -2.74000E+00 -5.10000E+00  
 -1.40000E+00 -1.94000E-01  1.61870E+00  1.00000E+00  2.67500E+00  1.00000E+00  
  1.18760E+00  1.00000E+00  1.00000E+00 -1.00000E+00  1.27000E+00  6.00000E+00  
  1.00000E+01  3.10200E-01  4.92000E-01 -1.00000E+00  1.00000E+00  4.04000E-02  
 -1.00000E+00  1.00000E+00  3.37900E+01 -5.99000E-01 -1.40800E+01 -1.47800E+01  
 -6.89900E+00 -1.00000E+00  1.00000E+00 -1.76200E+01  1.58700E+01 -4.70000E+01  
 -3.40400E+00 -5.20000E+00  4.95000E-02 -1.00000E+00  1.00000E+00 -1.89600E+01  
 -7.34000E-01 -1.55160E+02  2.18260E+02  9.55100E+01  2.60000E-02 -5.44000E-01  
 -4.90000E-01 -7.00000E-02  1.00000E+00  1.00000E+00 -1.46000E-01  3.30000E-02  
  1.00000E+00  1.00000E+00  3.25100E-01  5.79000E-01 -4.50000E-01 -5.50000E-01  
  1.00000E+00 -1.00000E+00  1.00000E+00  1.00000E+00  3.08000E-01  1.00000E+00  
  1.39660E+01 -3.35190E+01  7.06000E+00 -6.98000E+00 -4.69000E-01 -1.00000E+00  
  1.50000E-01  1.40000E-02  7.00000E-03  3.90000E-02  1.50000E-01  1.40000E-01  
  2.15000E-01  2.70000E-01 -1.00000E+00  1.13800E+00 -4.70000E-02  8.00000E-02  
 -6.80000E-01 -1.00000E+00 -3.50000E-02  1.55000E+00  1.55000E+00  1.30000E-01  
  1.00000E+00 -9.60000E-01  4.60000E-01  1.71000E+00 -3.90000E+00  1.21000E+00  
  4.94000E+00  1.30000E-01  1.00000E+00 -1.00000E+00  1.00000E+00 -9.27000E+00  
  7.82000E+00  3.38900E+01 -1.60000E+01  1.00000E+00 -1.00000E+00  1.17500E+00  
  1.00000E+00  1.00000E+00  9.68000E-02 -7.47000E-01 -2.53000E-01  2.00000E-02  
  1.00000E-01  1.85000E-01 -1.16000E-01  6.95000E-01  1.23900E+00 -8.54000E+00  
 -3.86000E-01  3.63200E+00 -1.12600E+01 -4.17700E+00  1.00000E+00  1.00000E+00  
  1.00000E+00  1.00000E+00  1.00000E+00 -1.00000E+00  7.40000E-01 -7.80000E-01  
  1.00000E+00  1.00000E+00  1.00000E+00 -1.00000E+00  1.00000E+00  3.44000E+00  
 -4.25000E+00 -8.00000E+00  2.40000E+01  1.00000E+00  1.00000E+00 -1.00000E+00  
  1.00000E+00  5.21000E+00 -7.97000E+00  6.00000E+00  1.30000E+01 -8.00000E-01  
  1.14000E-02  1.01150E+00  5.33000E-01  3.70000E-02  1.47000E-01  3.70000E-02  
  8.00000E-02  7.39999E-02  7.30000E-02  1.90000E-02 -2.23000E-02  1.00000E+00  
  1.00000E+00  1.00000E+00  1.00000E+00  1.00000E+00  1.00000E+00  1.00000E+00  
  1.00000E+00  1.00000E+00  1.00000E+00  1.00000E+00 -1.02000E+00  1.00000E+00  
  4.80000E-03 -1.67700E+00 -8.00000E-01 -1.19720E+01 -2.30000E-02  1.30000E-02  
  1.00000E+00  1.00000E+00  8.50000E-02  1.00000E+00  1.00000E+00 -1.66660E+01  
 -4.17000E+00  4.86000E+00 -5.74000E-01  6.00000E-02  4.60000E-02  7.70000E-02  
  2.90000E-02 -1.00000E+00  7.06000E-01  2.70000E-02  3.30000E-02  1.02200E+00  
  5.91000E-01 -1.11610E+01  1.00000E+00  1.01000E+00  3.00000E-03  1.10000E-02  
  1.40000E-01  9.50000E-02  1.40000E-01  1.30000E-01  1.69000E-01  3.11000E-01  
 -2.10000E-02  1.00000E-03  1.00000E+00  1.00000E+00 -5.60000E-01  1.01200E+00  
  1.00000E+00 -1.00000E+00  1.00000E+00 -1.00000E+00  1.00000E+00  1.00000E+00  
  1.00000E+00  1.00000E+00 -1.00000E+00  1.00000E+00 -2.39600E+01  2.12000E+01  
 -1.50000E+01 -8.30000E+01  5.60000E-01  1.00000E+00  2.19000E-01  2.30000E-02  
  3.00000E-02 -7.40000E-01 -2.60000E-01  7.76000E-01  9.63000E-01  1.02000E-01  
  8.68300E+00 -1.55700E+01  7.15000E+00 -2.52000E-01 -1.14000E-01  8.60000E-02  
  8.50000E-02  1.00000E+00  1.00000E+00  1.00000E+00  1.00000E+00 -1.00000E+00  
  3.56000E-01 -5.00000E-01 -5.05000E-01  1.00000E+00 -1.00000E+00  1.00000E+00  
  1.00000E+00 -1.07500E+01  9.25000E+00 -2.10000E+01 -2.50000E+01 -8.00000E+00  
 -1.00000E+00  1.00000E+00  1.00000E+00 -2.26900E+01  2.11900E+01 -2.86000E+01  
  1.52000E+00 -2.50000E+01 -3.10000E+01 -1.00000E+00  1.00000E+00  1.00000E+00  
  5.59000E+00 -7.09000E+00  4.00000E+00 -8.03000E-01  7.50000E+01  2.90000E+01  
  9.33000E-01 -1.00000E+00  6.70000E-02  2.00000E+00 -5.00000E+00 -5.14000E-01  
  4.36000E-01 -2.50000E+00 -6.70000E-01  1.00000E+00  1.00000E+00  1.97000E-01  
 -1.00000E+00  1.00000E+00  4.04600E+00 -5.22000E+00 -1.14030E+01 -3.65000E-01  
  1.00000E+00  1.09000E-01 -1.00000E+00  1.00000E+00  1.00000E+00  2.25200E+01  
 -7.65500E+01  3.30200E+01 -6.39000E-01 -1.00000E+00  1.00000E+00  1.00000E+00  
 -1.02600E+01  8.76000E+00 -1.10000E+01 -2.50000E+01 -8.00000E+00  1.00000E+00  
 -1.00000E+00  1.00000E+00 -2.00000E-02 -6.90000E-01  8.40000E+00 -4.60000E+00  
  1.00000E+00  1.00000E+00  1.00000E+00 -1.50000E-01 -8.50000E-01 -3.50000E-02  
  8.10000E-01  8.10000E-01  1.90000E-01  1.00000E+00 -5.13000E+00 -5.53000E+00  
  5.40000E+00  7.40000E-01 -1.75000E+01  1.00000E+00  1.10000E+00  1.01000E+00  
  2.00000E-04  4.00000E-04  3.00000E-04  2.36000E-02  7.00000E-02  3.00000E-02  
  1.50000E-01  2.20000E-01  5.00000E-03  2.61900E-01  1.90000E-02  8.34000E-02  
  1.35700E-01  2.38100E-01 -2.34000E-02  1.10000E+00 -1.00000E+00  5.00000E-04  
  1.00700E+00 -1.00000E+00  1.00000E+00 -2.27000E-01 -7.73000E-01  1.00000E+00  
 -2.96700E+01  2.79200E+01 -7.70000E+01  5.09700E+00 -2.27000E+01  9.50000E-02  
  2.40000E-02  5.90000E-02 -1.00000E+00  1.25000E-01  1.55000E-01  3.98000E-01  
 -5.10000E-02  8.50000E-02  1.00000E-01  1.00000E+00 -2.18800E+00  2.07000E+00  
  5.60000E+00 -2.84000E-01 -2.34000E+00  1.00000E+00  1.00000E+00  1.00000E+00  
  1.00000E+00 -1.00000E+00  1.00000E+00  4.40000E+00 -5.57000E+00 -1.90000E+01  
 -1.75000E-01  1.30000E+01  1.00000E+00  1.00000E+00  1.00000E+00  1.00000E+00  
  1.00000E+00  1.00000E+00  5.38800E-01  9.54000E-01  1.00000E+00 -1.60000E+01  
 -1.34000E+00  7.00000E-01 -1.03000E+00 -4.00000E+00  1.00000E+00  1.00000E+00  
  1.00000E+00  5.30000E-02 -7.45000E-01 -2.55000E-01  2.00000E-02  2.50000E-01  
  3.90000E-02 -7.20000E-02  6.91000E-01  8.58000E-01 -7.20000E-01 -3.84000E-01  
  2.98000E+01 -1.86900E+01 -4.15300E+00  1.00000E+00 -2.70000E-03 -1.00000E+00  
  1.00000E+00 -5.40000E-02  2.30000E-02  3.10000E-02  1.00000E+00  1.00000E+00  
 -1.00000E+00  1.00000E+00 -1.00000E+00  1.00000E+00 -1.86000E+00  1.30000E+00  
 -2.98500E+01 -4.00000E+00  1.00000E+00  1.00000E+00 -1.00000E+00  1.00000E+00  
 -7.65000E+00  4.56000E+00 -1.50000E+01  4.60000E+01 -8.00000E-01  1.00000E+00  
  1.00000E+00 -1.00000E+00  1.00000E+00 -2.99000E+01  2.68000E+01 -3.70000E+01  
 -9.30000E+01  5.60000E-01  1.00000E+00  2.21000E-01 -1.00000E+00 -6.70000E-02  
  9.60000E-01  1.14300E+00  3.05100E+01 -7.07300E+01  4.54700E+01 -4.04000E-01  
  1.00000E+00  1.04000E-01  9.60000E-02  6.40000E-02  9.50000E-02 -6.20000E-01  
 -3.80000E-01  7.45000E-01 -1.20000E-01  1.00000E+00 -6.60000E+00 -8.10000E+00  
 -1.40000E+00 -4.07000E-01  1.00000E+00  4.43020E+00  2.45800E+00 -1.00000E+00  
 -1.00000E+00  1.00000E+00  1.00000E+00  1.00000E+00  1.10000E+00  1.01000E+00  
  1.20000E-03  1.80000E-03  3.00000E-04  2.50000E-02  1.38000E-01  3.70000E-02  
  1.61000E-01  1.78000E-01  1.40000E-02  4.41000E-01 -1.70000E-02  1.10000E+00  
  1.00000E+00  7.00000E-04  1.00000E+00  1.00000E+00  1.00000E+00  1.00000E+00  
  1.33540E+00 -1.00000E+00 -1.00000E+00  1.00000E+00  1.00000E+00  1.00000E+00  
 -1.00000E+00  1.00000E+00  1.00000E+00  1.00000E+00  1.00000E+00 -1.00000E+00  
  1.00000E+00  1.80000E+00 -2.41000E+01 -6.10000E+00 -1.20000E+00  1.52000E+00  
  7.42000E+00  1.00000E+00  1.00000E+00 -1.00000E+00  1.00000E+00 -3.26800E+01  
  3.12000E+01 -7.80000E+01 -3.80000E+01  9.50000E+01 -1.00000E+00  1.00000E+00  
 -1.00000E+00  1.00000E+00 -2.00000E-02 -1.73000E+00  1.40000E+00 -8.03000E-01  
  3.40000E+00  1.00000E+00 -1.00000E+00  1.00000E+00  3.94400E+00 -2.87860E+01  
 -6.80000E+00 -1.40000E+01  2.98700E+00  1.00000E+00  1.00000E+00  9.50000E-02  
  3.10000E-02  8.20000E-02 -1.00000E+00  1.50000E-01  1.85000E-01  2.31000E-01  
 -3.60000E-02  8.20000E-02  1.67000E-01  1.41200E+00 -2.19400E+00  1.99400E+00  
  3.30000E+00 -3.56000E-01 -3.99000E+00 -1.00000E+00  1.04400E+00 -1.00000E+00  
  1.00000E+00 -1.95000E+00  2.36900E+01 -9.20000E+00 -1.80000E+01 -3.48600E+00  
 -1.00000E+00  1.00000E+00 -1.56400E+01  1.49500E+01 -2.59000E+01 -3.47000E+00  
 -2.40000E+01  1.00000E+00 -1.00000E+00  1.00000E+00  1.64100E+01  1.10000E+01  
 -1.77400E+01  2.60000E+00  1.00000E+00 -3.00000E+01  1.00000E+00  1.00000E+00  
  1.00000E+00  1.00000E-01 -1.00000E+00  1.00000E+00  1.00000E+00  3.12600E+01  
  3.02900E+01 -4.21400E+01 -5.86000E-01 -1.00000E+00  1.00000E+00 -7.66000E+00  
  5.91000E+00  3.30000E+01 -2.54900E+00  3.00000E+00  1.00000E+00 -6.12000E-01  
 -4.08000E-01  1.00000E+00  1.40000E-02 -3.57500E+00  6.70000E+00  5.42720E+01  
 -2.30000E-02  1.30000E-02  1.00000E+00 -1.00000E+00  1.00000E+00  8.90000E+00  
  1.60000E+01 -1.01500E+01 -4.50000E+00  1.00000E+00 -3.00000E+01  9.83900E-01  
 -1.00000E+00  1.00000E+00  1.00000E+00  1.00000E+00 -1.00000E+00  1.00000E+00  
  2.07900E-01 -1.00000E+00  4.37500E-01  1.00000E+00  1.00000E+00  1.00000E+00  
  1.01000E+00  2.00000E-03  1.20000E-02  5.60000E-02  8.90000E-02  7.60000E-02  
  9.00000E-02  1.00000E-01  3.20000E-02  5.41000E-01 -2.30000E-02  2.00000E-03  
  1.00000E+00  1.00000E+00  1.02100E+00  1.00000E+00  1.00000E+00  1.00000E+00  
  1.00000E+00  1.00000E+00  1.00000E+00  1.00000E+00  1.31060E+00 -1.00000E+00  
 -1.00000E+00  1.00000E+00  1.00000E+00  1.00000E+00 -1.00000E+00  2.18000E-02  
 -1.00000E+00 -4.09000E-02  9.97000E-01  9.33000E-01 -4.76000E+00  3.31000E+00  
  2.30000E+00 -1.19600E+01  1.00000E+00  1.00000E+00 -1.00000E+00  1.00000E+00  
  1.00000E+00  1.00000E+00  1.00000E+00  1.00000E+00  1.00000E+00  1.00000E+00  
  1.00000E+00  1.00000E+00  1.00000E+00  1.00000E+00  1.00000E+00  1.00000E+00  
  1.00000E+00 -1.00000E+00  1.00000E+00 -1.61600E+01  1.54500E+01 -5.90000E+00  
 -3.47000E+00 -3.70000E+01  1.70000E-01 -1.27000E+00  2.70000E-01  1.00000E+00  
  2.05000E+00 -4.31000E-01  5.26000E+01 -5.01000E+01  1.26000E-01 -1.00000E+00  
  1.00000E+00 -2.60300E+01 -9.65400E+01  2.14100E+02 -7.34000E-01  1.00000E+00  
  8.50000E-02 -1.27000E+00  2.70000E-01  1.00000E+00 -1.51000E+01 -5.74000E-01  
  5.26000E+01 -5.01000E+01  1.14000E-01 -1.00000E+00  1.00000E+00 -2.38000E+01  
 -7.72000E-01 -9.13999E+01  2.25900E+02  8.08000E-01  2.02000E-01  2.02000E-01  
  1.70000E-03  2.00000E-03  1.04000E-02  6.21000E-02  7.78000E-02  2.10000E-02  
  2.50000E-02  1.09600E-01  1.25600E-01  4.98000E-02  5.15000E-01 -2.13000E-02  
  1.00400E+00  1.00320E+00  1.00000E+00  1.01000E+00  2.50000E-03  3.00000E-03  
  1.10000E-02  6.35000E-02  6.40000E-02  2.20000E-02  2.20000E-02  1.03000E-01  
  1.18000E-01  4.40000E-02  5.47000E-01 -2.12000E-02  1.00000E+00  1.00000E+00  
  1.00000E+00  3.00150E+00 -1.00000E+00  7.80000E-01 -1.00000E+01  1.90000E+01  
  1.00000E+00  5.16800E-01  1.00000E+00  7.29000E-01  1.00000E+00 -1.00000E+00  
 -4.08000E+00  1.00000E+00 -1.00000E+00  1.00000E+00 -4.20000E+00 -7.40000E+00  
  1.14380E+02 -3.61000E+00  7.00000E+00  1.48030E+00  2.45800E+00 -1.00000E+00  
  1.00000E+00 -1.33330E+01 -2.00000E-01 -1.00000E+01 -7.00000E-01  1.00000E+00  
  1.00000E+00 -1.00000E+00  1.00000E+00 -1.50000E-01 -1.00000E+00  8.50000E-01  
 -2.94000E+00 -7.00000E+00 -5.20000E-01 -4.80000E-01  1.00000E+00  8.89000E+00  
 -8.50000E+00 -2.11600E+01  3.87100E+01 -7.00000E+00 -1.00000E+02 -3.70000E-02  
 -8.00000E-03 -1.00000E+00  7.70000E-01  2.75000E-01 -1.54000E-02  1.24600E+00  
  1.18000E-01 -7.45000E-01 -2.55000E-01  2.00000E-02  8.29999E-02  1.62000E-01  
 -1.33000E-01  3.67000E-01  3.68000E-01  1.24600E+00 -2.18000E+00 -1.37000E-01  
  1.96200E+01 -1.27300E+01 -4.18600E+00  3.13000E+00 -2.22000E-01 -7.83000E+00  
 -2.35000E+00 -8.35000E-01 -1.00000E+00  1.00000E+00 -1.70200E+01  1.63300E+01  
 -2.22000E+01 -3.47000E+00 -2.40000E+01 -1.00000E+00  1.00000E+00 -9.66000E+00  
  1.23000E+01 -1.16600E+01 -3.48000E+00  1.33000E+00 -1.00000E+00  1.00000E+00  
 -2.71000E+00  2.80000E+00  1.05460E+02 -3.47000E+00 -3.64000E+00  9.00000E-02  
 -1.00000E+00  1.00000E+00  2.22000E+01 -6.10000E-01  3.00000E+01 -3.68000E+01  
 -1.00000E+00  1.00000E+00 -1.37000E+00 -1.24000E+01  1.06370E+02 -3.61000E+00  
 -1.84000E+00 -1.70000E-03 -1.00000E+00  1.00000E+00 -3.40000E-02  1.50000E-02  
  1.90000E-02  1.00000E+00 -1.00000E+00  1.00000E+00 -6.00000E-02 -6.50000E-01  
  2.05000E+01 -8.00000E-01 -1.00000E+01  1.00000E+00 -1.00000E+00  1.00000E+00  
 -6.80000E-01 -1.00000E-02 -3.45000E+01 -8.00000E-01  1.00000E+01  1.00000E+00  
  1.00000E+00  1.00000E+00  4.67000E-01 -1.00000E+00  4.67000E-01  1.04090E+01  
  3.73600E+00 -6.36100E+00  1.00400E+01  3.20000E-02  1.00000E+00  4.67000E-01  
  3.26900E+01  1.60000E-02 -1.00000E+00  1.00000E+00 -1.00000E+00  1.00000E+00  
  1.01000E+00  1.00000E-03  1.00000E-03  2.00000E-03  3.70000E-02  4.80000E-02  
  2.00000E-02  2.00000E-02  1.38000E-01  2.66000E-01  3.10000E-02  4.36000E-01  
 -2.64000E-02  9.73000E-01  9.92000E-01  1.00000E+00  1.00000E+00 -1.00000E+00  
  1.00000E+00 -3.50000E+00  2.81000E+00 -3.61000E+01 -8.00000E-01  6.30000E+01  
 -1.00000E+00  1.00000E+00  1.00000E+00  1.00000E+00  1.00000E+00  1.00000E+00  
  1.00000E+00  1.00000E+00  1.00000E+00  1.93000E-01  1.00000E+00  1.30000E-01  
  3.97000E+00 -1.44200E+01 -4.15000E-01 -1.00000E+00  2.01000E-01 -1.00000E+00  
  1.00000E+00  1.00000E+00  4.20000E+01  3.02900E+01 -4.21400E+01 -1.00000E+00  
  1.00000E+00 -1.97700E+01  1.86000E+01 -3.20000E+01 -3.85600E+00 -2.90000E+01  
  1.60000E-01 -1.00000E-01  9.00000E-01 -1.00000E+00  3.00000E-02  1.00000E-02  
  2.29200E-01  5.00000E-01 -1.00000E+00  1.00000E+00  1.00000E+00  1.00000E+00  
 -1.00000E+00  1.00000E+00  3.80000E+00 -6.50000E+00  7.10000E-01 -1.30000E+01  
 -1.30000E+01  1.00000E+00  1.00000E+00  1.00000E+00 -1.00000E+00  1.00000E+00  
 -5.10000E+00  3.00000E+00 -1.65000E+00  2.80000E+01 -6.52000E+00 -1.25000E+01  
  1.00000E+00  1.00000E+00  1.00000E+00 -1.00000E+00 -1.00000E+00  1.00000E+00  
 -6.50000E+00  5.00000E-01 -1.65000E+00  2.80000E+01 -9.12000E+00 -1.15000E+01  
  1.00000E+00  1.01000E+00  1.30000E-02  5.00000E-03  4.70000E-02  1.07000E-01  
  5.00000E-02  1.24000E-01  1.64000E-01  2.70000E-02  4.63000E-01 -2.20000E-02  
  1.05200E+00  1.00000E+00  1.00000E+00  1.00000E+00  1.00000E+00 -1.00000E+00  
  1.00000E+00  6.84000E+00 -9.60000E+00  2.27000E+01 -7.00000E+00 -8.00000E-01  
  1.00000E+00 -1.00000E+00  6.00000E+00  1.23000E+00 -1.77000E+00 -3.00000E+00  
  1.00000E+00  1.00000E+00 -1.00000E+00  1.00000E+00  6.00000E+00 -1.15000E+01  
  7.10000E-01 -2.30000E+01  8.24000E+00 -2.60000E+01  1.00000E+00 -1.00000E+00  
  1.00000E+00 -3.80000E+01 -3.96100E+01  3.89700E+01  3.60800E+01 -9.20000E+01  
  1.00000E+00  1.00000E+00  1.00000E+00  1.00000E+00 -1.50000E-01 -8.50000E-01  
 -3.50000E-02  8.10000E-01  8.10000E-01  1.90000E-01  1.00000E+00 -1.48000E+00  
  4.80000E-01  7.20000E-01 -3.80000E+00  9.70000E+00  1.90000E-01  4.07800E-01  
  8.58000E-01  3.00000E-01  5.50000E-01  1.50000E-01  8.10000E-01  1.01000E+00  
  1.00000E+00 -1.00000E+00  1.00000E+00 -1.10000E+01  3.92000E+00 -4.56000E+00  
 -2.14000E+00  1.00000E+00 -1.00000E+00  1.00000E+00  1.65000E+01  3.33000E+00  
 -3.97000E+00 -2.14000E+00 -7.00000E+00 -1.00000E+00  1.00000E+00 -9.00000E+00  
 -9.61000E+00  8.97000E+00 -1.65000E+00 -1.50000E+01 -1.50000E-01 -8.50000E-01  
 -3.50000E-02  8.10000E-01  8.10000E-01  1.90000E-01  1.00000E+00 -2.28000E+00  
 -5.53000E+00  5.40000E+00  7.40000E-01 -1.75000E+01 -1.00000E+00  1.00000E+00  
 -7.00000E+00 -2.75000E+00  2.11000E+00 -2.14000E+00  2.00000E+01  1.00000E+00  
  1.00000E+00  1.00000E+00  1.00000E+00  1.00000E+00  1.00000E+00  1.00000E+00  
  1.00000E+00  1.00000E+00 -1.60000E-01 -8.40000E-01  1.00000E+00 -2.97400E+01  
  2.90500E+01 -3.70000E+01  6.62000E+00 -8.60000E+01  8.29999E-02 -1.00000E+00  
  1.00000E+00 -1.51250E+01  5.25000E+01 -3.75000E+01 -5.60000E-01  1.00000E+00  
  1.00000E+00  1.00000E+00  1.00000E+00 -1.00000E+00  1.00000E+00 -7.60000E-01  
  5.00000E-02 -1.60000E+01  9.70000E+00  1.00000E+00  1.00000E+00  2.18000E-02  
 -1.00000E+00 -4.09000E-02  9.64000E-01  1.83500E+00  6.63000E+00 -2.77000E+00  
 -3.46000E+00  2.50600E+01  1.01000E-01  1.00000E+00  7.60000E-02  1.00000E+00  
  1.01000E-01  1.00000E+00  8.85000E-02  1.00000E+00  3.03000E-01  7.07000E-01  
  6.00000E-03  3.50000E-02  6.40000E-02  5.90000E-02  6.89999E-02  2.18000E-01  
  2.00000E-02  3.80000E-02  4.90000E-01 -2.60000E-02  1.00000E-03  1.00000E+00  
  1.00000E+00  1.01500E+00  1.86000E-01 -1.00000E+00  4.37500E-01  1.00000E+00  
  2.00000E-01 -1.00000E+00  2.27500E+00 -1.00000E+00 -1.53030E+00 -1.00000E+00  
  1.00000E+00  9.63200E-01 -1.00000E+00  1.00000E+00  3.68700E-01 -1.00000E+00  
  1.00000E+00 -1.24640E+00 -1.00000E+00  1.00000E+00  4.39850E+00  2.10420E+00  
 -1.00000E+00 -1.00000E+00  1.00000E+00  1.00000E+00 -1.00000E+00  1.00000E+00  
 -8.10000E+00 -1.46000E+01 -7.80000E+00  1.60000E+00 -3.43000E+00 -1.76000E+00  
  1.01090E+00 -1.00000E+00  1.00000E+00  3.96900E-01 -1.00000E+00  1.00000E+00  
  8.62500E-01 -1.00000E+00  1.00000E+00  6.67400E-01 -1.00000E+00  1.00000E+00  
  6.94300E-01 -1.00000E+00  1.00000E+00 -1.20630E+00 -1.00000E+00  1.00000E+00  
 -1.00000E+00  1.00000E+00 -1.51000E+00 -1.10000E+01 -9.00000E-01  8.40000E-01  
 -9.79100E-01 -1.00000E+00  1.00000E+00  9.88600E-01 -1.00000E+00  1.00000E+00  
  1.01540E+00 -1.00000E+00  1.00000E+00  4.03300E-01 -1.00000E+00  1.00000E+00  
  3.65700E-01 -1.00000E+00  1.00000E+00  3.45000E-01 -1.00000E+00  1.00000E+00  
  6.83200E-01 -1.00000E+00  1.00000E+00  8.62500E-01 -1.00000E+00  1.00000E+00  
  6.67400E-01 -1.00000E+00  1.00000E+00 -3.10000E-01 -3.10000E-01 -3.80000E-01  
  1.00000E+00 -1.00000E+00 -6.70000E-02  9.80000E-01  1.00000E+00  3.92000E+00  
  5.39000E-01 -3.43000E+01  4.09400E-01 -1.00000E+00  1.00000E+00 -1.65190E+00  
 -1.00000E+00  1.00000E+00  4.00100E-01 -1.00000E+00  1.00000E+00  4.18300E-01  
 -1.00000E+00  1.00000E+00  4.02200E-01 -1.00000E+00  1.00000E+00 -1.00000E+00  
  1.00000E+00 -9.17100E+00 -6.28600E+00  4.90000E+01  5.62300E+00  2.08248E+01  
  1.65800E+00 -1.00000E+00  1.00000E+00  2.00000E+01  1.00000E+00  1.39748E+01  
  1.65800E+00 -1.00000E+00  1.00000E+00  1.15968E+01  1.65800E+00 -1.00000E+00  
  1.00000E+00  1.20848E+01  1.65800E+00 -1.00000E+00  1.00000E+00  1.11467E+01  
  1.65800E+00 -1.00000E+00  1.00000E+00  1.50000E+01  1.00000E+00  7.90670E+00  
  1.64600E+00  1.00000E+00  9.06000E-02 -7.47000E-01 -2.53000E-01  2.00000E-02  
  3.00000E-01  9.00000E-02 -9.00000E-02  5.90000E-01  1.00000E+00  3.33000E+00  
 -2.37000E-01  2.04120E+01 -1.11900E+01 -3.47800E+00  8.01980E+00  1.65800E+00  
 -1.00000E+00  1.00000E+00  5.94170E+00  1.65800E+00 -1.00000E+00  1.00000E+00  
  4.60590E+00  1.65800E+00 -1.00000E+00  1.00000E+00  5.53500E+00  1.56200E+00  
 -1.00000E+00  1.00000E+00 -2.06910E+00  2.23800E+00  1.00000E+00  1.00000E+00  
 -1.00000E-02  1.00000E+00 -1.00000E+00 -1.00000E+00  8.18999E-02 -1.00000E+00  
  1.00000E+00  5.17000E+00 -5.41000E-01 -1.55160E+02  2.18260E+02  9.55100E+01  
 -1.00000E+00  1.00000E+00  4.57000E+00 -8.40000E+00 -3.05000E+00  4.50000E+00  
 -1.37000E+01  2.20000E+01 -1.00000E+00  5.40000E+00 -1.37900E+00 -1.65500E+00  
  1.00000E+00  7.48000E-02 -1.00000E+00  1.00000E+00  2.99100E+01 -4.94000E-01  
 -1.02310E+02  8.35801E+01  1.00740E+01 -1.00000E+00  1.00000E+00 -1.39800E+01  
  1.01500E+01  3.38900E+01 -1.35000E+01 -2.00000E+01 -1.40000E+01 -2.15000E+01  
  1.00000E+02  1.00000E+00  2.87500E-01  5.00000E-01 -1.00000E+00  9.90000E-01  
  9.90000E-01  1.00000E+00 -1.00000E+00  1.00000E+00 -2.69600E+01  2.61500E+01  
 -2.20000E+01 -6.90000E+01 -1.00000E+00  1.00000E+00 -2.69600E+01  2.61500E+01  
 -3.05000E+01 -6.00000E+01 -1.00000E+00  1.00000E+00 -3.98000E+00  1.50000E-01  
 -3.17000E+00 -7.25000E+00 -5.00000E+00 -1.40000E+01 -1.50000E+01 -1.00000E+00  
  1.00000E+00 -4.69000E+00  8.60000E-01 -3.26000E+00 -3.50000E+00 -5.50000E+00  
 -1.40000E+01 -1.60000E+01 -1.00000E+00  1.00000E+00 -5.40000E-01 -3.29000E+00  
 -3.60000E+00 -1.50000E+00  1.70000E+01 -1.40000E+01 -9.00000E+00  2.56400E-01  
 -1.52700E+01  1.00000E+00 -1.00000E+00  1.00000E+00 -1.00000E+00  1.00000E+00  
  5.64000E+00 -6.45000E+00  8.50000E+00  4.00000E+00  4.31000E-02 -1.00000E+00  
  6.89999E-02  2.73000E-01  1.30000E-02  1.00000E-03 -1.00000E-02  4.00000E-01  
  2.44000E-01  3.38000E+00 -3.70000E+00  2.80000E+00  1.60000E+00  7.50000E-03  
 -1.00000E+00  1.09000E-01  5.10000E-01  3.71000E-01  1.00000E-02 -3.20000E-03  
  1.00800E+00  2.29000E-01 -1.00000E+00  1.00000E+00  1.00000E+00 -3.20000E+00  
 -9.92000E+01  1.32080E+02 -1.28000E+02 -3.94000E-01 -2.22000E-01  7.09000E-02  
 -1.00000E+00  1.00000E+00  4.55400E+01 -4.68000E-01 -7.46499E+01  4.18000E+01  
 -1.64200E+00 -1.00000E+00  1.00000E+00  1.43000E+00 -5.26000E+00 -3.52000E+00  
  6.50000E+00  1.30000E+01 -1.40000E+01  1.00000E+00 -1.00000E+00  1.00000E+00  
  1.42300E+01 -1.50400E+01  8.70000E+00 -3.40000E+01 -1.00000E+00  1.00000E+00  
  1.44700E+01 -1.52800E+01  1.95000E+01 -3.10000E+01 -1.00000E+00  1.00000E+00  
  9.13000E+00 -9.94000E+00  6.80000E+00 -3.80000E+01 -1.76000E-01 -8.24000E-01  
  4.00000E-04  1.00000E+00 -9.00000E-02  7.94000E+00 -8.75000E+00  8.00000E-01  
 -2.10000E+01  6.74000E-02 -1.00000E+00  1.00000E+00 -2.80000E-01 -4.45000E-01  
 -3.40300E+01  1.80000E+01  4.11200E+00 -1.00000E+00  1.00000E+00 -7.83300E+00  
 -1.49700E+01 -8.40000E+00  1.30000E+01 -2.72900E+00  1.00000E+00  2.18000E-02  
 -1.00000E+00 -4.09000E-02  9.70000E-01  1.97000E+00  6.93000E+00 -8.30000E+00  
 -2.96000E+00  3.88000E+00  1.00000E+02 -1.00000E+00  1.00000E+00  9.26000E+00  
 -1.07100E+01  1.45000E+01 -3.05000E+00  4.00000E+00  1.00000E+02  9.00000E-02  
 -1.00000E+00  1.00000E+00  2.74590E+01 -3.65430E+01 -5.00000E+00 -6.12000E-01  
 -2.00000E-03  4.17670E+00 -1.00000E+00  1.00000E+00 -1.50000E+01 -1.00000E+00  
  1.00000E+00 -1.30000E+00 -6.00000E+00  1.30000E+01  1.10000E+01 -7.50000E-01  
 -2.50000E-01  1.00000E+00 -6.00000E-02 -1.30000E-01 -8.10000E-01  1.00000E+00  
 -1.00000E+00  1.00000E+00 -2.26000E+00  2.01000E+00 -6.00000E+00 -1.10000E+01  
 -2.50000E-01 -7.50000E-01  1.00000E+00 -1.00000E+00  1.00000E+00 -1.00000E+00  
  1.00000E+00 -2.00000E-01 -8.00000E-01  2.00000E-01  8.00000E-01  1.00000E+00  
 -2.10000E-02 -1.00000E+00  1.00000E+00 -3.13000E+00  2.32000E+00 -6.00000E+00  
  6.70000E+01  4.05510E+00  1.42500E+00 -1.00000E+00  1.00000E+00 -7.80000E+00  
  2.00000E+00 -3.43000E+00 -6.00000E+00 -5.00000E-01  1.60000E+01 -1.00000E+00  
  9.80000E-01  7.50000E-03 -1.00000E+00  4.88000E-01  7.50000E-02  4.27000E-01  
  1.00000E-02 -2.90000E-03  9.44000E-01  1.00000E-02  1.00800E+00  2.41000E-01  
  5.60000E-02  2.80000E-02  6.50000E-02  7.70000E-02  5.10000E-02  4.64000E-01  
  1.80000E-02 -3.16000E-02  1.17000E+00  1.17000E+00 -1.00000E+00 -2.68400E+00  
 -1.61000E+00  1.00000E+00  1.00000E+00  1.01000E+00  1.00000E-03  4.00000E-03  
  2.40000E-02  7.30000E-02  5.90000E-02  8.29999E-02  9.60000E-02  6.59000E-01  
 -2.10000E-02  1.00000E-03  1.00000E+00  1.00000E+00  1.05000E+00  7.50000E+00  
  1.00000E+00  7.00000E+00  1.00000E+00 -1.00000E+00  1.00000E+00 -1.00000E-01  
 -9.00000E-01  1.00000E+00 -1.00000E+00  1.00000E+00  1.30000E+00 -2.47000E+00  
 -2.10000E+01 -8.03000E-01 -1.65000E+01 -1.00000E+00  1.00000E+00  6.85000E+00  
  1.00000E+00  1.08100E+00  1.00000E+00 -1.00000E+00  1.09000E+00 -1.02000E+00  
  1.00000E+00  2.00000E-04  6.10800E+00 -1.30000E+01 -3.42930E+01 -2.30000E-02  
  1.30000E-02  1.06000E+00 -1.00000E+00 -1.00000E+00  1.00000E+00  1.00000E+00  
 -1.00000E+00  1.00000E+00 -1.00000E+00 -2.06910E+00  2.23800E+00  1.00000E+00  
  1.00000E+00 -1.00000E-02  1.00000E+00 -1.00000E+00 -1.00000E+00 -1.00000E+00  
  1.00000E+00  1.11900E+01 -1.26700E+01  7.10000E+01 -3.50000E+01 -5.00000E+00  
  8.80000E-03  1.00850E+00  1.31000E-01  4.20000E-02  3.30000E-02  7.60000E-02  
  9.10000E-02  6.00000E-02  5.46000E-01  2.10000E-02 -2.23000E-02  1.00000E+00  
 -1.01000E-01 -1.00000E+00  1.00000E+00  1.00000E+00 -1.00000E+00  1.00000E+00  
 -3.55400E+01  3.48500E+01 -3.85000E+01  5.68000E+01 -1.04000E+02 -1.00000E+00  
  1.00000E+00  1.69000E+00 -4.78000E+00 -1.40000E+01 -4.00000E+00 -8.00000E-01  
  6.20000E-02  5.00000E-02  2.70000E-02  4.30000E-02 -6.20000E-01 -3.80000E-01  
  8.80000E-01 -1.10000E-01  9.10000E-01  8.02000E+00 -1.54000E+01  1.68000E+01  
 -5.10000E-01  1.37000E-01  7.60000E-02  5.00000E-02  7.60000E-02 -6.25000E-01  
 -3.75000E-01  7.98000E-01 -1.20000E-01  1.00000E+00 -7.10000E-01 -1.30000E+01  
  2.00000E+00 -2.15000E-01 -1.00000E+00  1.00000E+00 -1.00000E+00  1.00000E+00  
 -1.31000E+00 -5.23000E+00 -1.00000E+00  1.00000E+00 -4.73000E+00 -5.40000E+00  
 -1.00000E+00  9.80000E-01  9.80000E-03 -2.48800E+00  1.06650E+01 -8.33000E+00  
 -1.17600E+01 -2.67400E+00 -2.30000E-02  1.30000E-02 -1.00000E+00  1.00000E+00  
  4.12000E+00 -2.85000E+00  7.00000E+00  2.10000E+01  4.24900E-01 -1.00000E+00  
 -2.00000E-02 -2.00000E-02 -2.00000E-02  6.00000E-02  1.00000E+00  1.00000E+00  
  1.00000E+00  1.21700E+00  1.90400E+00  2.50000E-01 -1.30000E-01 -2.00000E-01  
  2.00000E-01 -9.80000E-01  1.10000E-01 -2.20000E-02  1.00000E+00  5.00000E-01  
  1.00000E+00 -1.00000E+00  1.00000E+00  1.00000E+00 -1.00000E+00 -1.00000E+00  
  1.00000E+00 -1.00800E+01  4.88000E+00 -8.40000E+00  1.30000E+01 -2.72900E+00  
  2.35000E-02 -4.38200E-01 -5.39300E-01 -4.60000E-02  1.00000E+00 -1.00000E+00  
  1.11000E+00 -2.27710E+00  2.02500E+00  8.70000E-01  1.30000E-01  1.00000E+00  
  1.00000E+00 -1.00000E+00  1.00700E+00  5.91000E-01 -1.02680E+01  1.00000E+00  
  1.31060E+00 -1.00000E+00 -2.36000E-01 -7.64000E-01  1.00000E+00 -1.60000E-01  
 -8.40000E-01  1.00000E+00  3.28000E+00 -7.00000E+00 -1.86700E+01  6.62000E+00  
 -7.00000E+00 -1.00000E+02 -1.00000E+00  1.00000E+00 -6.92600E+00 -2.62860E+01  
  4.90000E+01  5.62300E+00 -1.60000E-01 -8.40000E-01  1.00000E+00  1.96000E+00  
 -7.00000E+00 -5.78000E+00  6.62000E+00 -7.00000E+00 -1.00000E+00  1.00000E+00  
  1.52000E-01 -6.79900E+00 -7.80000E+00 -1.10000E+01  2.98700E+00 -1.00000E+00  
  1.00000E+00 -6.79000E+00 -8.30000E+00 -6.50000E+00  2.98700E+00 -4.90000E-01  
 -5.10000E-01  1.00000E+00 -2.00000E-03  7.57500E-01  2.52500E-01  2.52500E-01  
  2.40000E-03  2.60000E-03  1.03000E-02  6.11000E-02  6.42999E-02  2.28000E-02  
  2.28000E-02  1.02200E-01  1.18500E-01  4.93000E-02  5.43700E-01 -2.12000E-02  
  1.00630E+00  1.00400E+00  1.00000E+00 -1.00000E+00  1.00000E+00 -4.55100E+00  
  1.07020E+01 -1.50000E+00 -6.00000E+00 -2.72900E+00 -1.00000E+00  1.00000E+00  
 -5.53200E+00  1.22640E+01 -4.50000E+00 -2.50000E+00 -2.72900E+00 -1.00000E+00  
  1.00000E+00 -1.00000E+00 -1.00000E+00  1.00000E+00  5.02000E+00 -6.50000E+00  
 -1.00000E+00  1.00000E+00 -6.92600E+00  8.00000E+00  6.00000E+00  1.00000E+01  
 -3.28100E+00 -1.02000E+00  1.00000E+00  8.30000E-03  1.87100E+00 -1.11000E+01  
 -1.57190E+01 -2.30000E-02  1.30000E-02 -1.00000E+00  1.00000E+00 -1.00000E+00  
  1.00000E+00 -7.39000E-01 -5.73200E+00  3.00000E+00 -5.00000E+00 -1.00000E+00  
  1.00000E+00  1.69900E+00 -6.88400E+00 -6.80000E+00 -1.40000E+01  2.98700E+00  
  3.10200E-01  4.92000E-01 -1.00000E+00  1.00000E+00  1.08590E+00  1.00000E+00  
  5.75000E-01  1.00000E+00 -2.00000E-02 -4.00000E-02 -1.30000E-01 -8.10000E-01  
  1.00000E+00 -1.02000E+00  1.00000E+00  5.50000E-03  5.69000E-01 -7.10000E+00  
 -1.55500E+01 -2.30000E-02  1.30000E-02 -1.00000E+00  1.00000E+00 -6.40000E-01  
 -3.60000E-01  1.00000E+00 -2.00000E-03  3.43500E-01  1.00000E+00  5.75000E-01  
  1.00000E+00 -1.00000E+00  1.50600E+00 -4.14600E+00 -1.00000E+00  1.00000E+00  
  1.74500E+00  1.00000E+00  9.19999E-02  1.00000E+00 -5.58700E+00  4.26800E+00  
 -5.00000E+00 -6.26000E-01 -1.00000E+00 -1.00000E+00  1.00000E+00 -5.00000E+00  
  1.10000E+01  1.00000E+00  1.00000E+00 -1.00000E+00  1.00000E+00 -8.50000E-01  
 -1.60000E+01  2.93400E+00 -1.00000E+00  1.00000E+00 -3.60600E+01  3.53500E+01  
 -1.85000E+01  5.68000E+01 -1.17000E+02  4.91900E-01  1.00000E+00  8.08000E-01  
  1.00000E+00 -1.00000E+00 -1.80000E+00 -7.42000E+00 -1.00000E+00  1.00000E+00  
 -2.51500E+01 -1.84300E+01 -1.00000E+00  1.00000E+00  1.88000E+00 -5.60900E+00  
 -1.00000E+00  2.00000E+00 -1.65800E+01 -1.60000E+01  1.52500E+01 -1.80000E+01  
  1.00000E+00 -3.00000E+01 -1.00000E+00  1.00000E+00 -9.11000E+00  7.63000E+00  
 -1.00000E+01 -1.00000E+01 -5.00000E+00  1.77700E+00 -8.17400E+00  5.72000E-01  
  2.19500E+00  2.61000E+00  1.00000E+00  8.17400E+00 -6.51000E-01  1.77700E+00  
 -7.14700E+00  8.08000E-01  2.19500E+00  1.34700E+00  1.00000E+00  7.20000E+00  
 -6.24000E-01 -1.85000E-01 -5.75000E-01 -1.94000E-02  7.60000E-01  1.00000E+00  
 -1.00000E+00  1.00000E+00  8.60000E-01 -2.34000E+00  1.00000E+00 -1.60000E+01  
 -5.00000E+00 -1.00000E+00  1.00000E+00  6.12000E+00 -1.70000E+01  1.50000E+01  
 -6.79000E+00  9.69999E-02 -1.00000E+00  1.00000E+00 -1.97000E+01 -6.58000E-01  
 -7.63999E+01  4.35000E+01 -1.00000E+00  1.00000E+00 -6.08000E+00  5.20000E+01  
 -3.55000E+01  5.41000E+00 -1.00000E+00  1.00000E+00 -3.53000E+00  6.60000E+01  
 -3.67000E+01  2.86000E+00 -1.00000E+00  1.00000E+00  1.88000E+00 -5.60900E+00  
 -1.00000E+00  2.00000E+00 -2.44300E+01 -5.30000E+01 -2.80000E+01  2.37600E+01  
 -1.00000E+00  1.06000E+00  1.57950E+00  2.74580E+00 -1.00000E+00  1.00000E+00  
  1.00000E+00 -1.00000E+00  1.00000E+00  1.84500E+01  2.00000E+00 -1.97900E+01  
  1.00000E+00 -3.00000E+01  1.10000E+00  1.01000E+00  2.00000E-04  4.00000E-04  
  3.00000E-04  2.36000E-02  7.00000E-02  3.00000E-02  1.50000E-01  2.20000E-01  
  5.00000E-03  5.00000E-01 -1.70000E-02  1.10000E+00 -1.00000E+00  5.00000E-04  
 -1.00000E+00  1.00000E+00  7.32000E+00 -8.80000E+00  5.90000E+01 -3.45000E+01  
 -5.00000E+00  1.17950E+00  1.89580E+00  1.00000E+00  1.30000E-01  8.70000E-01  
  1.00000E+00  4.67000E-01 -1.00000E+00  4.67000E-01  5.19300E+00  1.40100E+00  
 -5.81400E+00  3.87600E+00  3.20000E-02  1.00000E+00  4.67000E-01  3.26900E+01  
  1.60000E-02  9.34000E-01 -1.00000E+00  3.20000E-02  1.00000E+00  1.60000E-02  
  9.34000E-01 -1.00000E+00  3.20000E-02  1.00000E+00  1.60000E-02 -1.00000E+00  
  1.00000E+00 -1.00800E+01  8.60000E+01 -3.77000E+01  9.41000E+00 -7.00000E-01  
 -3.00000E-01  1.00000E+00  1.00000E+00 -1.00000E+00  1.01000E+00  5.00000E-03  
  6.00000E-02  2.30000E-02  6.00000E-02  7.00000E-02  3.11000E-01  4.70000E-01  
 -2.60000E-02  1.00000E-03  1.00000E+00  1.00000E+00  6.00000E-02  1.01200E+00  
 -6.00000E-02 -1.00000E+00  1.00000E+00  3.08000E+00  5.00000E+00 -3.19000E+00  
 -1.00000E+00  1.00000E+00 -3.00000E+00  5.00000E+00 -1.00000E+00  1.00000E+00  
 -1.05000E+00  1.67000E+00 -5.00000E+00  1.50000E+01  1.00000E+00 -1.00000E+00  
  1.67000E+01  1.00000E+00  1.20000E+01  1.00000E+00  1.00000E+00 -1.00000E+00  
  5.91000E-01 -4.46000E+00  1.00000E+00 -1.00000E+00  1.00000E+00 -3.56000E+00  
  3.00000E+00 -7.36000E+00 -1.00000E+00  1.00000E+00  7.73600E-01  9.54000E-01  
  1.00000E+00 -4.50000E+00  1.03000E+01 -1.02000E+01 -4.02000E-01  1.00000E+00  
  1.13800E-01 -7.47000E-01 -2.53000E-01  2.00000E-02  1.00000E-01  1.85000E-01  
 -1.16000E-01  6.95000E-01  1.23900E+00  4.00000E+00 -2.85000E-01  3.63200E+00  
 -1.12600E+01 -4.17700E+00 -2.40000E+00  1.00000E+00  1.68900E+00  2.68800E+00  
 -1.00000E+00  1.00000E+00  1.00000E+00  1.79800E+00  2.56670E+00 -1.00000E+00  
  1.00000E+00  1.00000E+00  1.00000E+00  1.08210E+00  2.13300E+00  1.00000E+00  
 -1.00000E+00  1.00000E+00  3.19600E-01  6.29200E-01  1.00000E+00 -1.00000E+00  
  1.41610E+00  2.11200E+00 -1.00000E+00  1.00000E+00 -1.00000E+00  3.10200E-01  
  4.92000E-01 -1.00000E+00  1.00000E+00  2.39000E-01  4.35000E-02  6.40000E-02  
  1.00000E-02 -1.00000E+00  3.70000E-02  2.25000E-02  7.37000E-01  9.91500E-01  
 -2.81500E-01  5.69600E+00 -8.55400E+00 -2.63000E-01  1.30100E+00  2.03800E+00  
 -1.00000E+00  1.00000E+00 -1.00000E+00  3.10200E-01  4.92000E-01 -1.00000E+00  
  1.00000E+00  6.51000E-01 -1.56250E+01  1.00000E+00  1.23000E-01  2.30000E-02  
  3.10000E-02 -7.50000E-01 -2.50000E-01  8.06000E-01  8.72000E-01 -8.68500E+00  
 -1.56020E+01 -2.41800E+00 -4.74000E-01 -1.20000E-01  7.00000E-02  7.00000E-02  
  4.09900E-01  1.00000E+00  5.75000E-01  1.00000E+00 -1.00000E+00  5.51700E+00  
  1.54000E-01  1.00000E+00  5.83200E-01  1.00000E+00  7.29000E-01  1.00000E+00  
 -1.00000E+00  5.50000E+00  1.54000E-01  1.60320E+00  1.00000E+00  2.42900E+00  
  1.00000E+00 -5.80000E-01 -4.20000E-01  2.32000E+00 -5.41000E+00  1.68000E+00  
 -3.92000E+00  1.01000E+00  4.00000E-03  1.00000E-02  2.80000E-02  1.35000E-01  
  8.50000E-02  1.10000E-01  9.00000E-02  2.30000E-01 -3.80000E-02  3.00000E-03  
  3.00000E-01  1.00000E+00  4.05000E-01 -1.05600E+00 -1.80000E+00 -1.74000E-01  
 -4.95000E+00  9.69000E-01  1.65900E+00  2.55400E+00 -1.00000E+00  1.00000E+00  
 -1.21950E+01  1.00000E+00  1.00000E+00  9.50000E-02 -1.00000E+00  1.00000E+00  
  1.00000E+00  3.69700E+01  5.50000E+01 -8.78999E+01 -3.23000E-01  4.12400E-01  
  6.62000E-01  1.00000E+00 -1.00000E+00  1.30100E+00  2.03800E+00 -1.00000E+00  
  1.00000E+00 -1.00000E+00  6.30200E-01  1.27100E+00 -1.00000E+00  1.00000E+00  
 -1.00000E+00  4.71560E+00  2.42080E+00 -1.00000E+00 -1.00000E+00  1.00000E+00  
  1.00000E+00 -1.00000E+00  1.00000E+00  2.06000E+00 -2.77000E+00  3.50000E+00  
 -3.70000E+01  1.96000E-01 -1.00000E+00  1.00000E+00  1.82200E+01 -4.98000E-01  
 -6.37000E+01  2.81000E+01  2.73700E-01  3.35800E-01  1.00000E+00 -1.00000E+00  
  1.21690E+00  1.82500E+00 -1.00000E+00  1.00000E+00 -1.00000E+00  1.00000E+00  
  1.00000E+00  1.53760E+00  2.57900E+00 -1.00000E+00  1.00000E+00  1.00000E+00  
  3.19700E-01  6.29000E-01  1.00000E+00 -1.00000E+00  2.75000E-01 -1.49000E-01  
 -2.73000E-01 -5.50000E-01  1.00000E+00  1.00000E+00  2.69100E-01  4.40000E-01  
 -1.00000E+00  1.00000E+00  2.73700E-01  3.36000E-01  1.00000E+00 -1.00000E+00  
  5.23300E-01  1.00000E+00  8.08000E-01  1.00000E+00 -1.00000E+00  6.18750E+00  
  2.19580E+00 -1.00000E+00 -1.00000E+00  1.00000E+00  1.00000E+00  1.00000E+00  
  2.87500E-01  5.00000E-01 -1.00000E+00  1.00000E+00  1.00000E+00  1.00000E+00  
  2.56000E-01  3.77000E-01  1.00000E+00 -1.00000E+00  1.20710E+00  1.88300E+00  
 -1.00000E+00  1.00000E+00  1.00000E+00 -1.00000E+00  1.75310E+00  2.70800E+00  
 -1.00000E+00  1.00000E+00  1.00000E+00  1.56040E+00  1.93330E+00  1.00000E+00  
  1.00000E+00  3.62400E-01  1.00000E+00  5.75000E-01  1.00000E+00 -1.00000E+00  
  5.21330E+00  1.00000E+00  2.72500E+00 -1.00000E+00  5.70000E-01 -5.90000E-01  
 -3.50000E+00  6.00000E+00 -1.50000E+01  1.00000E+00  1.00000E+00  4.91900E-01  
  1.00000E+00  8.08000E-01  1.00000E+00 -1.00000E+00 -1.00000E+00 -1.00000E+00  
  1.00000E+00 -1.00000E+00  1.53680E+00  1.00000E+00  2.42900E+00  1.00000E+00  
 -1.00000E+00 -8.00000E-01  6.00000E+00  8.58000E-01  1.00000E+00  1.64600E+00  
  1.00000E+00 -1.00000E+00 -3.43500E-01 -1.00000E+00 -5.75000E-01 -1.00000E+00  
  1.00000E+00  1.31720E+00 -1.00000E+00 -1.00000E+00  1.00000E+00  3.01100E-01  
  2.91700E-01  1.00000E+00 -1.00000E+00 -1.80000E+00  2.50000E+00 -7.42000E+00  
  1.00000E+00  6.94300E-01 -1.00000E+00  1.00000E+00  5.86600E-01  9.54000E-01  
  1.00000E+00  1.00000E+00  1.00000E+00 -1.00000E+00  1.00000E+00  1.20000E+00  
 -6.60000E+00 -5.41000E+00  5.80000E-01 -7.00000E+00 -1.00000E+00  1.00000E+00  
 -1.24900E+01  1.73000E+01 -4.21000E+00 -3.48000E+00  4.30000E+01  1.00000E+00  
 -1.17100E+00  1.71000E-01  1.50000E-01  3.50000E-02  1.10000E-02  6.00000E-02  
  1.95000E-01  1.26000E-01  2.28000E-01  2.16000E-01 -1.00000E+00  1.22200E+00  
 -4.70000E-02  7.70000E-02  5.16800E-01  1.00000E+00  7.29000E-01  1.00000E+00  
 -1.00000E+00  5.00000E+00 -4.08000E+00  2.98700E-01  5.50000E-01  1.00000E+00  
 -1.00000E+00 -6.00000E-01  7.20000E+00  2.50000E+00  5.00000E-01 -2.19000E+00  
 -5.23000E+00  1.00000E+00  3.43500E-01  1.00000E+00  5.75000E-01  1.00000E+00  
 -1.00000E+00  3.80000E-01 -1.00000E+00  1.00000E+00  4.66500E+00 -8.96550E+01  
  2.38950E+02 -2.06900E+02 -5.79000E-01 -2.00000E-03  2.73700E-01  3.36000E-01  
  1.00000E+00 -1.00000E+00  1.21690E+00  1.82500E+00 -1.00000E+00  1.00000E+00  
 -1.00000E+00  2.75000E-01  5.00000E-01 -1.00000E+00  1.00000E+00  1.00000E+00  
 -2.51030E+00  2.02500E+00  1.00000E+00  8.90000E-01  1.10000E-01  8.29999E-02  
 -1.00000E+00  1.00000E+00 -1.52010E+01 -5.34100E+01 -5.00000E+00 -5.63000E-01  
 -2.00000E-03  1.31060E+00 -1.00000E+00 -1.00000E+00  1.00000E+00  4.80400E-01  
  1.11700E+00 -1.00000E+00  1.00000E+00  1.00000E+00 -1.00000E+00  3.82490E+00  
  5.91700E-01 -1.00000E+00 -4.06000E+00  1.39000E+00 -9.00000E+00  1.20000E+01  
 -6.00000E+00  1.00000E+00  1.21820E+00  2.07500E+00  1.00000E+00  1.00000E+00  
  3.25400E-01  1.00000E+00  6.00000E-01  1.00000E+00 -1.00000E+00  4.91000E-01  
  1.00000E+00  7.54000E-01  1.00000E+00 -1.00000E+00  3.80230E+00  6.00000E-01  
 -1.00000E+00  1.00000E+00  3.25400E-01  1.00000E+00  6.00000E-01  1.00000E+00  
 -1.00000E+00 -1.00000E+00  1.00000E+00 -2.83000E+00  3.00000E+00 -8.50000E+00  
 -7.36000E+00  2.93190E+00 -1.00000E+00 -3.19000E+00  3.10000E+00 -6.00000E+00  
 -3.00000E+00  1.00000E+00  1.01340E+00 -1.00000E+00  1.05000E+00 -9.40000E-01  
  1.10000E+01  1.00000E+00  2.93190E+00 -1.00000E+00 -1.20000E+00  8.10000E-01  
 -2.50000E+00  4.00000E+00  1.00000E+00  3.00150E+00 -1.00000E+00  1.00000E+00  
  1.01340E+00 -1.00000E+00 -3.00000E+00 -1.50000E-01 -6.90000E-01 -3.10000E-01  
  6.00000E+00  1.00000E+00  1.17560E+00  1.00000E+00  1.00000E+00  2.03300E-01  
  4.29000E-01  1.00000E+00 -1.00000E+00  3.98000E-01  7.17000E-01 -1.00000E+00  
  1.00000E+00  2.03300E-01  4.29000E-01  1.00000E+00 -1.00000E+00  3.03000E-01  
  7.07000E-01  6.00000E-03  6.89999E-02  3.00000E-02  5.90000E-02  6.89999E-02  
  2.18000E-01  2.00000E-02  3.80000E-02  4.90000E-01 -2.60000E-02  1.00000E-03  
  1.00000E+00  1.00000E+00  6.89999E-02  1.01500E+00 -6.89999E-02  4.71600E-01  
  1.07100E+00 -1.00000E+00  1.00000E+00 -1.00000E+00  3.72100E-01  5.12000E-01  
 -1.00000E+00  1.00000E+00  4.90800E-01  1.00000E+00  9.50000E-01  1.00000E+00  
 -7.04000E-01 -2.96000E-01  6.00000E-02  2.90000E-01  4.22000E+00  1.00000E+00  
 -9.20000E-01  2.96000E+00 -2.66000E+00  3.12500E-01  4.67000E-01  1.00000E+00  
 -1.00000E+00  7.50000E-03 -1.00000E+00  8.10000E-02  5.08000E-01  4.01000E-01  
  1.00000E-02 -2.90000E-03  1.00000E+00  2.53100E-01  4.58000E-01  1.00000E+00  
 -1.00000E+00  1.00000E+00  9.75600E-01  1.50400E+00 -1.00000E+00  1.00000E+00  
  5.76000E-02 -1.00000E+00  1.00000E+00 -2.40000E-01 -3.80000E-01  9.08999E+01  
 -3.28000E+01 -9.93800E+00  4.90800E-01  1.00000E+00  9.50000E-01  1.00000E+00  
 -1.00000E+00  1.74000E-02  1.01250E+00  1.67000E-01  6.00000E-02  4.50000E-02  
  1.00000E-01  9.00000E-02  1.16000E-01  4.04000E-01  1.80000E-02 -2.23000E-02  
  1.13000E+00  1.13000E+00 -4.00000E-02 -9.60000E-01  1.00000E+00  3.33500E-01  
  6.04000E-01 -1.00000E+00  1.25000E+00 -1.06000E+00  1.00000E+00  1.31040E+00  
  2.11200E+00 -1.00000E+00  1.00000E+00 -1.00000E+00  1.27000E+00 -7.80000E-01  
  9.50000E-02  3.20000E-02  6.80000E-02 -1.00000E+00  1.26000E-01  1.55000E-01  
  4.05000E-01 -5.10000E-02  9.50000E-02  5.80000E-02  1.46700E+00 -1.26900E+00  
  1.20000E+00  3.20000E+00 -1.64000E-01 -1.28800E+00  3.07960E+00  1.30800E+00  
 -1.00000E+00  1.00000E+00  3.09630E+00  8.12000E-01 -1.00000E+00  1.00000E+00  
  2.03300E-01  4.29000E-01  1.00000E+00 -1.00000E+00  4.80400E-01  1.11700E+00  
 -1.00000E+00  1.00000E+00 -5.00000E+00  1.00000E+00 -6.70000E-01 -1.00000E+00  
  3.72100E-01  5.12000E-01 -1.00000E+00  1.00000E+00  4.07800E-01  8.58000E-01  
  1.00000E+00  1.00000E+00  2.50000E-02  9.75000E-01 -1.00000E+00  1.00000E+00  
  3.00000E+00  4.80400E-01  1.00000E+00  7.29000E-01  1.00000E+00 -1.00000E+00  
  5.20000E-01 -3.50000E-01 -5.00000E+00  1.71800E-01  4.04200E-01 -1.00000E+00  
  2.40000E-01 -5.00000E+00  1.50000E+01  1.00000E+00  2.93190E+00 -1.00000E+00  
  5.00000E-01  4.00000E+00  1.00000E+00 -9.16000E-01  1.00000E+00 -8.40000E-02  
 -3.50000E-01  3.80000E-01 -2.75000E+00  5.50000E+00  2.80000E-01 -2.60000E-01  
  5.90000E-01 -7.60000E-01 -1.00000E+00  1.00000E+00  1.83000E+00 -1.98000E+00  
  5.50000E+00  3.00000E+00  3.14800E-01  1.00000E+00  5.75000E-01  1.00000E+00  
 -1.00000E+00  1.00000E+00 -2.36450E+00  1.68800E+00  1.60000E+00 -6.00000E-01  
  1.00000E+00  1.00000E+00 -1.00000E+00 -1.00000E+00  9.60000E-02  1.00000E+00  
 -1.40000E+01 -9.25000E+00 -9.25000E+00 -5.62000E-01 -1.00000E+00  1.08590E+00  
  1.00000E+00  5.75000E-01  1.00000E+00 -1.30000E-01 -2.90000E-01 -5.80000E-01  
  1.00000E+00  1.06700E+00  1.01000E+00  1.50000E-03  4.90000E-03  9.00000E-04  
  1.37000E-02  6.87000E-02  6.48600E-01  2.53000E-02  1.01000E-01  1.24300E-01  
  5.00000E-03 -1.70000E-02  1.06700E+00  4.10000E-03  1.39210E+00  1.88300E+00  
 -1.00000E+00  1.00000E+00  1.30700E-01  7.84300E+00 -1.70170E+01  7.93700E+00  
 -3.25900E-01  1.00000E+00 -1.00000E+00 -1.13870E+00 -1.00000E+00  1.00000E+00  
  1.84410E+00  2.55400E+00 -1.00000E+00  1.00000E+00 -1.28000E-01  1.28200E+00  
 -1.33050E+01  6.41000E+00 -3.16000E-01  1.00000E+00  1.00000E+00  4.25000E-01  
  3.77000E-01  1.00000E+00 -7.08000E-01  6.96499E+01 -1.99500E+01  8.26399E+01  
 -2.91000E-01  1.00000E+00  1.00000E+00  4.54000E-01  3.77000E-01  1.00000E+00  
  1.37900E+00 -6.34000E+01  2.73100E+01 -3.44800E+01 -3.40000E-01  1.00000E+00  
  1.00000E+00  1.01000E+00  1.50000E-03  3.80000E-03  1.14000E-02  4.03000E-02  
  1.15000E-01  6.80000E-02  1.15000E-01  1.36000E-01  4.70000E-02  4.62000E-01  
 -3.31000E-02  1.00000E+00 -1.00000E+00  1.00000E+00  2.40000E-01  1.18760E+00  
  1.00000E+00  1.00000E+00 -1.00000E+00 -1.01220E+00 -1.00000E+00  1.00000E+00  
  1.54010E+01  1.41400E+01  2.80000E-02  1.01000E-01  7.00000E-03  5.29000E-01  
  2.09300E+00  6.10000E-01  1.71900E+00  1.76000E+00  1.77700E+00  7.00000E-02  
  9.33000E-01  2.19500E+00  1.08800E+00  1.00000E+00  7.06200E+00 -6.41000E-01  
  4.20000E-02  1.57430E+00  2.61200E+00 -1.00000E+00  1.00000E+00 -2.25700E+01  
  1.30800E+01 -5.40000E+01 -6.36000E-01 -3.02000E+01  1.00000E+00  1.18760E+00  
  1.00000E+00  1.00000E+00 -1.00000E+00  1.18760E+00  1.00000E+00  1.00000E+00  
 -1.00000E+00 -1.00000E+00  1.00000E+00  9.43000E+00 -1.09100E+01 -3.20000E+01  
 -4.00000E+00 -5.00000E+00  4.80400E-01  1.11700E+00 -1.00000E+00  1.00000E+00  
  1.00000E+00  6.70000E-01 -1.00000E+00  4.80400E-01  1.11700E+00 -1.00000E+00  
  1.00000E+00  1.00000E+00  6.70000E-01 -1.00000E+00 -1.00000E+00  1.00000E+00  
  1.34000E+00 -3.09000E+00 -9.00000E+00 -1.93000E+00  4.00000E-01  1.00000E+00  
 -1.00000E+00  1.00000E+00 -1.50000E+00 -2.50000E-01  9.20000E+00 -8.03000E-01  
 -3.00000E-01 -1.00000E+00  1.00000E+00 -7.80000E-01  1.09000E+00  1.14000E+01  
 -8.03000E-01 -1.16000E+01  1.10000E+00  1.01000E+00  2.00000E-03  7.20000E-03  
  5.00000E-04  3.78000E-02  1.49500E-01  2.62700E-01  4.36000E-02  1.22800E-01  
  1.25700E-01  5.00000E-03  1.91000E-02  1.27900E-01  9.12000E-02  2.38200E-01  
 -2.34000E-02  1.10000E+00 -1.00000E+00  3.00000E-03 -1.00000E+00  1.01480E+00  
 -1.00000E+00  1.00000E+00  3.07500E-01 -1.00000E+00 -2.00000E-02 -2.00000E-02  
 -2.00000E-02  6.00000E-02  1.00000E+00  3.05900E-01 -1.00000E+00 -2.00000E-02  
 -2.00000E-02 -2.00000E-02 -2.00000E-02  6.00000E-02  1.00000E+00  9.88600E-01  
 -1.00000E+00  1.00000E-01  9.00000E-01  4.03300E-01 -1.00000E+00  1.00000E-01  
  9.00000E-01  1.11000E-02  1.01150E+00  3.70000E-02  1.51000E-01  5.30000E-02  
  8.80000E-02  8.00000E-02  1.04000E-01  4.67000E-01  2.00000E-02 -2.17000E-02  
  1.02000E+00  1.02000E+00  1.04000E-02 -4.40000E-01 -6.50000E-01  9.00000E-02  
  1.00000E+00  6.70000E-03  3.70000E-01 -1.00000E+00  4.80000E-01  2.50000E+00  
  9.50000E-03  2.70000E-01 -4.20000E-01 -3.30000E-01 -5.20000E-01  1.00000E+00  
  5.00000E-01  3.60000E-02 -1.00000E+00  7.70000E-02  1.93000E-01  3.28000E-01  
  8.00000E-03  1.00000E-03 -6.00000E-03  2.76000E-01  1.17000E-01  2.88000E+00  
 -3.10000E+00  6.35000E+00  1.10000E+00 -1.00000E+00  1.00000E+00  1.00000E+00  
 -1.00000E+00 -1.00000E+00  2.00000E-01 -2.70000E-02  7.72000E-01  1.00000E+00  
 -1.00000E+00  9.90000E-01 -3.96000E-01  5.40000E-01 -3.46500E+01 -1.00000E+00  
  1.00000E+00 -1.00000E+00 -5.00000E-01 -5.00000E-01  1.00000E+00 -1.00000E+00  
  8.60000E-02 -1.00000E+00  1.00000E+00 -1.12230E+01 -5.22000E+00 -1.14030E+01  
 -5.85000E-01  5.53000E-01  7.07000E-01  3.03000E-01  3.00000E-03  1.00000E-02  
  8.00000E-02  5.90000E-02  3.90000E-02  1.08000E-01  5.80000E-02  4.10000E-02  
  2.00000E-02  2.60000E-02 -2.40000E-02  3.00000E-03  1.00000E+00  1.00000E+00  
  8.00000E-02  1.00500E+00 -8.00000E-02 -1.00000E+00  1.00000E+00 -2.19900E+01  
  2.13000E+01 -1.15000E+01 -3.48000E+00 -6.10000E+01  1.84410E+00  2.70800E+00  
 -1.00000E+00  1.00000E+00  4.10700E+00  1.00000E+00  5.11000E-01  7.07000E-01  
  3.03000E-01  3.00000E-03  9.00000E-03  3.00000E-02  1.02000E-01  2.30000E-02  
  4.50000E-02  1.29000E-01  6.30000E-02  4.10000E-02  1.70000E-02  2.50000E-02  
 -2.60000E-02  2.00000E-03  1.00000E+00  1.00000E+00  9.83000E-01  2.13000E-01  
  3.40000E-02  4.15000E-02  1.00000E-02 -1.00000E+00  3.70000E-02  4.00000E-03  
  7.92500E-01  9.91500E-01  3.70000E+00  7.77300E+00 -1.05270E+01 -2.87000E-01  
 -1.00000E+00  9.70000E-01 -3.01000E+00  1.84000E+00 -3.39500E+01 -1.00000E+00  
  3.40000E-02  2.50000E-02  8.80000E-01  9.49000E-02  1.03000E-01  1.53000E-01  
  1.00000E-02 -6.67000E-01 -3.33000E-01  4.00000E-02 -9.55999E-02  1.18200E+00  
  6.94000E-01 -1.90000E-01 -1.00000E+00  1.00000E+00  1.59300E-01 -1.00000E+00  
  2.00000E-02  1.49000E-01  2.41000E-01 -1.15000E-01  5.90000E-01  1.40500E+00  
  3.90000E-01 -2.42000E-01 -3.85500E+00 -4.70000E+00 -3.55000E+00 -8.65000E-01  
 -2.70000E-02  3.86000E-01  3.86000E-01  2.00000E+00 -1.00000E+00  2.16000E-01  
 -1.20000E-02  3.64000E-01  3.64000E-01  1.82000E+00 -1.00000E+00  1.00000E+00  
 -3.40000E+00  1.29000E+01 -1.50000E+00 -2.50000E-01 -4.15000E+00 -1.00000E+01  
 -1.00000E+00  1.00000E+00 -1.90000E+00 -7.10000E+00  2.40000E+00 -2.50000E-01  
 -4.07000E+00  2.16000E+00 -1.00000E+00  1.00000E+00 -6.10000E+00  1.90000E+01  
 -1.00000E+00  2.00000E-01 -3.95900E+00 -1.00000E+01 -1.00000E+00  1.00000E+00  
 -5.30000E+00  1.44000E+01 -8.30000E+00  3.00000E-01 -3.43000E+00 -1.00000E+01  
 -1.00000E+00  1.00000E+00 -8.90000E+00 -6.00000E-01 -7.80000E+00  1.60000E+00  
 -3.43000E+00 -1.00000E+01 -1.00000E+00  1.00000E+00  1.00000E-01  1.94000E+01  
 -8.70000E+00 -1.80000E+00 -4.41000E+00 -5.00000E+00 -1.00000E+00  1.00000E+00  
 -5.30000E+00  1.20200E+02  4.00000E+00 -3.00000E-01 -3.56000E+00 -2.05000E+00  
  1.01000E+00  1.40000E-02  6.00000E-03  4.90000E-02  8.10000E-02  4.40000E-02  
  9.10000E-02  1.00000E-02  1.36000E-01  2.40000E-02  5.45000E-01 -2.02000E-02  
  1.00000E+00 -1.00000E+00  1.00000E+00 -2.22200E+01  1.91300E+01 -3.14000E+01  
 -6.40000E+01 -4.00000E+00 -1.00000E+00  1.00000E+00 -7.60000E-01 -4.10000E-01  
  6.00000E+00 -6.43000E-01 -3.50000E+01 -1.00000E+00  1.00000E+00  5.39000E-01  
  7.07000E-01  3.03000E-01  2.00000E-03  1.10000E-02  5.70000E-02  6.20000E-02  
  2.30000E-02  7.10000E-02  8.20000E-02  7.00000E-02  4.10000E-02  1.60000E-02  
  2.40000E-02 -2.40000E-02  2.00000E-03  1.00000E+00  1.00000E+00  1.02000E+00  
 -1.00000E+00  1.00000E+00  4.44000E+00 -2.90000E+01  1.15000E+01 -5.11000E+00  
 -1.00000E+00  1.00000E+00 -2.05000E+00  8.80000E-01 -7.00000E+00 -8.03000E-01  
 -4.00000E+00 -1.00000E+00  6.10000E-02  2.73000E-01  4.56000E-01 -7.00000E-02  
 -9.40000E-02  1.93000E-01  1.17000E-01  1.03600E+00 -4.53000E-01  3.16000E-01  
  5.00000E+00 -2.23000E-01  1.76000E+00  1.00000E+00 -1.02000E+00  1.00000E+00  
  1.55000E-02 -1.67700E+00 -4.00000E-01  2.93400E+00 -2.30000E-02  1.30000E-02  
 -1.00000E+00  1.00000E+00  1.00000E+00  1.19300E+01 -1.44600E+01  2.10000E+01  
 -1.75000E-01 -2.50000E+01  1.70000E+01  1.00000E+00  1.00000E+00 -1.00000E+00  
  1.11400E+00  1.90000E-01 -1.00000E+00  1.00000E+00  2.39000E+00  5.25000E+01  
 -3.75000E+01 -3.52000E-01  1.76000E-01  1.37000E-01  9.10000E-02  1.37000E-01  
 -1.00000E+00  6.35000E-01 -1.30000E-01  1.10000E+00 -4.61000E+00 -2.90000E+00  
 -1.69000E-01 -1.00000E+00  1.00000E+00 -9.30000E+00  2.46000E+01  1.05000E+01  
  1.75000E+00 -1.24000E+00  9.00000E+01  2.01000E-01  1.00000E+00  1.00000E+00  
  1.06600E+00 -4.17000E+00  4.86000E+00 -3.73000E-01 -1.00000E+00  1.00000E+00  
 -2.00000E+00 -1.30000E+00 -7.42000E+00 -1.00000E+00  1.00000E+00  7.00000E-01  
 -2.72000E+01 -2.00000E+00 -1.30000E+00 -7.42000E+00 -6.80000E-01  1.31000E+00  
 -2.32000E+00  1.69000E+00 -4.60000E-01 -5.40000E-01  1.00000E+00  1.01000E+00  
  1.80000E-03  4.40000E-03  1.22000E-02  4.26000E-02  8.90000E-02  5.80000E-02  
  9.30000E-02  1.17000E-01  3.70000E-02  5.45000E-01 -2.82000E-02  1.00000E+00  
 -1.00000E+00  1.00000E+00  2.08000E-01  1.01000E+00  1.30000E-03  2.80000E-03  
  1.25000E-02  4.04000E-02  1.05000E-01  6.40000E-02  1.01000E-01  8.20000E-02  
  8.10000E-02  5.10000E-01 -3.08000E-02  1.00000E+00 -1.00000E+00  1.00000E+00  
  2.08000E-01 -9.00000E-01  1.00000E+00 -1.00000E-01 -1.00000E+00  1.00000E+00  
  3.74000E+00 -9.00000E+00 -5.90700E+01  5.60000E-01 -1.00000E+00  4.68000E-01  
  5.32000E-01 -2.70000E-02  1.00000E+00  1.33540E+00 -1.00000E+00 -1.00000E+00  
  1.00000E+00 -1.00000E+00  9.80000E-01  1.00000E+00 -1.00000E+00 -1.82000E+00  
  2.76000E+00 -5.00000E+00  8.00000E+00  1.30000E-01 -4.00000E-01  1.00000E+00  
 -7.30000E-01 -1.00000E+00  1.00000E+00  3.15000E-01 -1.00000E+00  1.00000E+00  
  1.42900E+00 -2.44900E+01 -5.00000E+00 -4.80000E-01  3.53000E-01 -1.00000E+00  
  1.00000E+00  1.00000E+00  9.60000E-01 -9.92000E+01  1.32080E+02 -1.28000E+02  
 -5.38000E-01 -2.22000E-01  2.54000E-01 -1.00000E+00  1.00000E+00 -1.09570E+01  
  7.84309E+01 -4.68800E+01  3.46000E+01 -3.87000E-01  3.24000E-01 -1.00000E+00  
  1.00000E+00  5.29400E+00 -6.91179E+01  4.41980E+01 -2.64700E+01 -4.94000E-01  
 -3.00000E-03  1.03900E+00 -1.24000E-01 -7.09000E-01  1.00000E+00  1.24000E-01  
 -1.67000E-01 -3.10000E-02  6.62000E-01 -1.22000E-01 -4.72000E-01  1.00000E+00  
  1.22000E-01 -4.06000E-01 -3.80000E-02  2.87500E-01  5.00000E-01 -1.00000E+00  
  1.00000E+00  1.50000E-01  3.50000E-02  5.50000E-02  1.42000E-01 -1.00000E+00  
  5.10000E-02  1.35900E+00  4.91000E-01 -1.71000E-01  1.13000E-01  1.13000E-01  
  1.33000E-01  3.50000E-02  5.50000E-02  1.04000E-01 -1.00000E+00  3.80000E-02  
  6.00000E-02  1.21000E+00  4.82000E-01 -1.50000E-01  1.13000E-01  1.13000E-01  
  1.16000E+00 -1.00000E+00 -1.00000E+00  1.00000E+00 -9.40000E-01  1.00000E+00  
  1.10000E+00  1.01000E+00  2.40000E-03  9.00000E-03  1.90000E-03  2.59000E-02  
  1.19200E-01  2.84300E-01  3.54000E-02  1.27300E-01  1.33300E-01  5.00000E-03  
  1.98000E-02  1.32700E-01  9.55999E-02  2.48100E-01 -2.37000E-02  1.10000E+00  
 -1.00000E+00  6.20000E-03 -1.00000E+00  1.19000E+00  2.28000E-01 -1.00000E+00  
  1.00000E+00 -6.38000E+00 -5.79000E-01 -9.13999E+01  2.25900E+02  1.83000E-01  
  1.00000E+00  1.00000E+00 -2.80000E-01 -4.63000E-01 -6.48000E+01  2.46000E+01  
 -1.00000E+00  1.00000E+00 -1.00000E+00  1.11000E+00  1.00000E+00 -1.00000E+00  
  8.08000E-01  2.02000E-01  2.02000E-01  1.20000E-03  1.00000E-03  3.20000E-03  
  4.04000E-02  5.14000E-02  2.10000E-02  2.10000E-02  1.30400E-01  2.36800E-01  
  3.78000E-02  4.55800E-01 -2.54000E-02  9.83400E-01  9.96800E-01  1.00000E+00  
 -5.20000E-01 -4.80000E-01  1.00000E+00  1.17200E+01 -1.35000E+01 -3.00600E+01  
  3.87100E+01  1.48800E+01 -5.20000E-01 -4.80000E-01  1.00000E+00 -1.00000E+00  
 -4.68000E-01 -2.41000E-01 -1.63000E-01 -9.30000E-02 -3.50000E-02  1.00000E+00  
 -1.00000E+00  1.00000E+00 -2.19800E+01  2.08400E+01 -2.86000E+01  5.80000E-01  
 -4.70000E+01 -1.00000E+00  1.00000E+00 -1.46000E+00  1.20000E+00  1.33200E+01  
 -2.94000E+00 -5.00000E+00  1.01000E+00  2.50000E-03  2.50000E-03  1.00000E-02  
  6.50000E-02  8.20000E-02  2.60000E-02  2.60000E-02  1.27000E-01  1.41000E-01  
  5.40000E-02  4.64000E-01 -2.47000E-02  1.01800E+00  9.73000E-01  1.00000E+00  
 -1.00000E+00  1.00000E+00 -1.38100E+01  1.73000E+01  7.02000E+00 -3.48000E+00  
  4.30000E+01 -1.00000E+00  1.00000E+00 -1.17000E+00 -1.00000E+00  1.34300E+01  
 -2.94000E+00 -7.00000E+00 -8.60000E-01 -1.40000E-01  1.00000E+00 -1.35700E+01  
  1.24300E+01 -1.90000E+01 -3.17000E+00 -1.70000E+01  1.45500E+00  1.01000E+00  
  3.00000E-03  1.03000E-02  2.00000E-03  4.44000E-02  9.69999E-02  4.75000E-02  
  1.10100E-01  7.07000E-02  5.00000E-03  2.17000E-01  5.80000E-03  2.51800E-01  
  1.32400E-01  2.88000E-01 -2.70000E-02  1.45500E+00 -1.00000E+00  1.00000E+00  
  3.00000E-03 -1.00000E+00  1.00000E+00 -1.93400E+01  1.86300E+01 -1.74000E+01  
 -3.61000E+00 -3.70000E+01 -1.00000E+00  5.00000E-01  5.98000E-01 -9.80000E-02  
 -1.54000E-02  1.00500E+00  1.01000E+00  8.00000E-03  1.00000E-01  9.00000E-02  
  4.70000E-02  1.61000E-01  9.00000E-02  4.00000E-02  4.63000E-01 -2.50000E-02  
  1.00000E-03  1.00000E+00  1.00000E-01  9.69000E-01 -1.00000E-01 -1.00000E+00  
  4.79000E-01  6.18000E-01 -9.69999E-02 -1.54000E-02  1.00000E+00 -1.00000E+00  
  1.00000E+00  1.73000E+00 -2.44000E+00  1.30000E+00 -8.00000E-01  2.00000E+00  
 -1.00000E+00  1.00000E+00  2.40000E-01 -9.50000E-01  3.00000E+00 -8.00000E-01  
 -1.00000E+01 -1.00000E+00  1.00000E+00  2.96000E+00 -3.65000E+00 -1.37000E+01  
 -8.00000E-01  3.00000E+00 -1.00000E+00  6.53000E-01  3.47000E-01 -1.54000E-02  
  1.05200E+00 -1.00000E+00  1.00000E+00 -1.11900E+01 -5.80000E+00 -4.25000E+00  
 -3.48000E+00  4.00000E+01 -1.00000E+00  1.00000E+00 -4.02000E+00  3.31000E+00  
 -1.61000E+01 -8.00000E-01  5.00000E+01  1.01000E+00  3.50000E-03  5.00000E-04  
  7.00000E-03  6.70000E-02  1.07000E-01  3.20000E-02  3.30000E-02  1.70000E-01  
  1.58000E-01  5.70000E-02  3.65000E-01 -2.47000E-02  1.05200E+00  9.50000E-01  
  1.00000E+00 -1.00000E+00  1.00000E+00  1.01900E+01 -1.13300E+01  1.89000E+01  
 -8.00000E-02 -2.00000E+00 -1.00000E+00  1.00000E+00  3.01000E+00 -3.72000E+00  
  1.85000E+01 -8.00000E-01 -1.70000E+01 -1.00000E+00  1.00000E+00  1.01900E+01  
 -1.13300E+01 -5.00000E-01 -8.00000E-02  2.00000E+00  4.80400E-01  9.00000E-01  
  7.29000E-01  1.00000E+00 -3.20000E-01 -1.50000E-01 -5.30000E-01  1.00000E-01  
 -7.50000E-01  6.50000E-01 -2.90000E-01 -1.10000E-01 -4.90000E+00  5.04000E-02  
  4.70000E-02  2.70000E-02  7.60000E-02 -1.50000E-01 -8.50000E-01  1.28000E-01  
  1.88000E-01  2.03000E-01  1.91000E-01  5.57000E-02  1.00000E+00 -7.50000E-03  
 -4.00000E-02 -4.75000E-02 -9.05000E-01  1.00000E+00 -5.88000E+00  1.45000E+01  
  3.44000E-01 -2.00000E-01  2.00000E-01  6.00000E-01  1.00000E+00  9.80000E-02  
 -1.00000E+00  1.00000E+00  9.33000E+00 -6.64000E-01 -6.37000E+01  2.81000E+01  
 -1.00000E+00  4.54000E-01  7.32000E-01 -1.86000E-01 -1.54000E-02  1.04400E+00  
  5.04000E-02  1.70000E-02  1.30000E-02  3.60000E-02 -1.00000E+00  8.70000E-02  
  1.90000E-01  2.08000E-01  3.23000E-01  4.63000E-02  1.11000E+00 -1.00000E+00  
  1.00000E+00  1.01000E+00  1.60000E-03  2.20000E-03  1.10000E-02  6.42000E-02  
  8.10000E-02  2.00000E-02  2.50000E-02  1.12000E-01  1.27000E-01  4.60000E-02  
  5.10000E-01 -2.12000E-02  9.99000E-01  1.00000E+00  1.00000E+00 -2.27000E-01  
 -7.73000E-01  1.00000E+00 -3.13000E+01  3.05900E+01 -1.77000E+01 -8.30000E+01  
 -8.00000E-01 -2.00000E-01  1.00000E+00  1.62000E-02 -1.95100E+00  4.50000E-01  
  2.89200E+01 -2.30000E-02  1.30000E-02 -1.96000E-01 -2.85000E-01 -3.77000E-01  
 -6.00000E-02 -8.20000E-02  1.00000E+00  1.00000E+00 -1.00000E+00  1.11000E+00  
 -1.00000E+00  3.47000E-01  3.77000E-01  1.00000E+00 -1.61400E+01  2.73100E+01  
 -5.00000E+00 -6.18000E-01  1.00000E+00  1.00000E+00 -1.00000E+00  1.00000E+00  
  1.00000E+00 -1.49000E+01  1.34000E+01 -2.33000E+01 -4.41000E+00 -2.50000E+01  
 -2.20000E+01 -3.00000E-01 -7.00000E-01  1.00000E+00 -7.00000E-01 -3.00000E-01  
  1.00000E+00  9.31000E-02  1.01000E-01  1.52000E-01  1.00000E-02 -1.00000E+00  
  4.00000E-02 -1.01000E-01  1.15700E+00  1.00000E+00  6.97000E-01 -1.90000E-01  
  8.29000E-02  7.39999E-02  1.12000E-01  1.00000E-02 -1.00000E+00  4.00000E-02  
 -9.55999E-02  9.09000E-01  1.00000E+00  7.64000E-01 -1.90000E-01  1.00000E+00  
 -1.00000E+00  1.00000E+00 -1.00000E+00  9.33000E-02  7.60000E-02  1.13000E-01  
  1.00000E-02 -6.67000E-01 -3.33000E-01  4.00000E-02 -9.55999E-02  8.80000E-01  
  7.61000E-01 -1.90000E-01 -4.40000E-01 -5.60000E-01  1.00000E+00  1.00000E+00  
  1.00000E+00  3.10200E-01  4.92000E-01 -5.48000E-01 -4.52000E-01 -1.00000E+00  
 -1.00000E+00  1.00000E+00 -2.70000E+00  3.00000E-01 -3.01000E+00  4.00000E+00  
 -4.00000E+00  1.00000E+00 -1.00000E+00  1.00000E+00  5.00000E+00  3.03900E-01  
  4.29000E-01  1.00000E+00 -1.00000E+00 -7.30000E-01  4.00000E+00 -1.98000E+00  
 -5.00000E+00  2.50000E+01  1.00000E+00  2.84000E-01  1.00000E+00 -1.00000E+00  
  3.73200E+00  6.44000E-01 -1.09360E+01  6.43000E+00 -4.32000E-01 -1.00000E+00  
  1.00000E+00  1.50000E+00  2.10000E-01 -1.02000E+00 -2.14000E+00 -1.00000E+01  
 -1.00000E+00  1.00000E+00 -1.50000E+01 -1.80000E+00  9.90000E-01 -2.14000E+00  
 -2.00000E+00 -1.00000E+00  1.00000E+00 -3.50000E+00 -1.65000E+00  8.40000E-01  
 -2.14000E+00 -1.00000E+01 -1.00000E+00  1.00000E+00 -1.40000E+01 -4.13000E+00  
  3.32000E+00 -2.14000E+00  1.00000E+01 -1.00000E+00  1.00000E+00 -3.50000E+00  
 -1.11100E+01  1.04700E+01 -1.65000E+00 -2.70000E+01 -1.00000E+00  1.00000E+00  
 -1.10000E+01 -3.72000E+00  2.91000E+00 -2.14000E+00 -2.00000E+00 -1.00000E+00  
  1.00000E+00 -2.20000E+01 -5.87000E+00  5.06000E+00 -2.14000E+00  1.70000E+01  
 -5.00000E-02 -3.30000E-01 -6.20000E-01  1.00000E+00  9.10300E-01  1.25800E+00  
 -1.00000E+00  2.66700E+00  1.00000E+00 -1.00000E+00  5.00000E+00  1.96000E+00  
 -1.84000E+00  1.10000E+01  1.00000E+00 -1.00000E+00  1.40000E+00 -3.00000E-01  
  2.00000E-01 -2.50000E-01 -5.00000E-02  1.08210E+00  2.13300E+00  1.00000E+00  
 -1.00000E+00  1.00000E+00  3.19700E-01  6.29000E-01  1.00000E+00 -1.00000E+00  
  2.69100E-01  4.40000E-01 -1.00000E+00  1.00000E+00  2.90900E-01  1.00000E+00  
  5.75000E-01  1.00000E+00 -1.00000E+00 -2.28100E+00  1.50000E-01  1.00000E+00  
  3.14800E-01  5.00000E-01  5.00000E-01  5.75000E-01  1.00000E+00 -1.00000E+00  
  1.30000E+01  1.01000E+00  4.00000E-03  1.00000E-02  1.80000E-02  1.45000E-01  
  4.40000E-02  1.51000E-01  9.00000E-02  3.50000E-02  5.00000E-01 -2.60000E-02  
  3.00000E-03  1.00000E+00  1.00000E+00  9.69000E-01 -7.00000E-02 -2.40000E-01  
 -3.20000E-01 -3.00000E-01 -7.00000E-02  1.00000E+00 -1.00000E+00  4.64000E-01  
  6.91000E-01 -1.55000E-01 -1.54000E-02  1.00000E+00 -1.00000E+00  1.00000E+00  
  3.01000E+00 -3.72000E+00 -1.59000E+01 -8.00000E-01  2.00000E+01 -1.42540E+00  
 -1.00000E+00  1.00000E+00  4.40000E-02 -1.00000E+00  1.00000E+00  1.00000E+00  
  3.10600E+01  5.50000E+01 -8.78999E+01 -6.45000E-01  1.01090E+00 -1.00000E+00  
  1.00000E+00  3.96900E-01 -1.00000E+00  1.00000E+00  5.34000E-02 -1.00000E+00  
  2.55000E-01  5.80000E-02  2.40000E-01  8.20000E-02  6.50000E-02  7.60000E-02  
  1.54000E-01  1.17000E+00  1.00000E+00 -4.60000E-02 -6.22000E-01 -2.88000E-01  
 -8.00000E-02  1.00000E+00 -1.00000E+00  1.00000E+00  5.85000E-02  3.40000E-02  
  4.15000E-02  1.00000E-02 -1.00000E+00  3.55000E-01  4.37500E-01  2.55000E-02  
  4.00000E-03  9.91500E-01 -1.00000E+00  5.90000E-02  3.58000E-01  4.20000E-01  
 -5.40000E-02 -7.50000E-02  1.35000E-01  1.00000E-01  1.02600E+00 -3.74000E-01  
  1.62000E-01  4.30000E+00 -1.59000E-01  9.96000E-01 -1.80000E-02 -1.00000E+00  
  5.50000E-02  3.59000E-01 -4.60000E-02  2.22000E-01  3.64000E-01  3.83000E+00  
 -4.26000E+00 -1.27000E+01 -2.34000E-01 -4.11000E+00 -1.00000E+00  1.00000E+00  
  2.69000E+00 -3.80000E+00 -7.44000E+00 -2.94000E+00  2.33000E+00  1.01000E+00  
  1.00000E-03  4.00000E-03  4.40000E-02  9.30000E-02  2.70000E-02  3.00000E-02  
  1.41000E-01  1.93000E-01  6.89999E-02  3.98000E-01 -2.64000E-02  1.02400E+00  
  9.92000E-01  1.00000E+00  1.01000E+00  1.70000E-02  7.00000E-03  5.90000E-02  
  9.80000E-02  5.10000E-02  1.05000E-01  1.20000E-02  1.49000E-01  2.40000E-02  
  4.78000E-01 -2.15000E-02  1.04300E+00  1.00000E-01 -1.60000E+00  5.00000E-01  
  1.00000E+00  1.00000E+00 -1.00000E+00  1.00000E+00 -1.00000E+00 -6.70000E-02  
  9.60000E-01  1.14300E+00  1.67000E+01 -1.04600E+01 -3.36000E+01  5.65600E-01  
  8.08000E-01  1.00000E+00 -1.00000E+00  1.00000E+00  4.62200E-01  7.25000E-01  
  1.00000E+00 -1.00000E+00  1.00000E+00  1.00000E+00                            
