1UNSYMMETRIC BASIS FROM LP PROBLEM BP                                   BP  1400
          1163            64           300           799             0          
RUA                      822           822          4790             0          
(13I6)          (16I5)          (1P6E13.5)                                      
     1     2     4    12    25    44    51    52    53    54    63    70    71  
    78    83    95    99   106   110   118   124   132   137   145   146   152  
   164   165   173   185   199   200   206   207   209   210   222   242   243  
   244   245   246   247   251   252   253   263   264   265   272   285   293  
   300   301   302   308   309   310   323   324   338   354   356   363   368  
   371   386   387   388   390   391   392   404   405   412   413   428   429  
   437   438   440   441   445   454   463   472   473   480   487   488   502  
   507   508   521   522   523   524   538   539   559   562   570   586   587  
   588   589   590   597   598   599   600   601   602   603   613   614   628  
   629   635   636   637   639   645   652   653   659   660   661   668   669  
   683   684   687   688   694   695   711   712   713   714   715   718   719  
   721   731   732   743   756   770   771   772   779   781   788   789   796  
   809   810   818   820   829   836   850   858   859   860   861   869   875  
   876   877   878   886   889   890   891   893   905   906   907   922   923  
   924   925   926   927   928   929   933   934   938   950   951   952   969  
   970   971   972   980   981   982   983   984   985   986   987   988   996  
  1003  1010  1017  1021  1029  1036  1054  1070  1076  1082  1083  1090  1100  
  1108  1120  1127  1128  1135  1142  1149  1156  1163  1169  1170  1177  1184  
  1191  1192  1196  1197  1206  1213  1214  1230  1231  1238  1245  1246  1247  
  1248  1249  1250  1251  1252  1261  1268  1280  1286  1291  1292  1300  1308  
  1309  1319  1320  1321  1330  1342  1343  1344  1345  1354  1361  1362  1368  
  1369  1378  1385  1386  1387  1388  1389  1397  1404  1409  1416  1428  1435  
  1442  1449  1450  1451  1452  1453  1454  1455  1456  1457  1458  1466  1468  
  1469  1470  1478  1479  1486  1487  1500  1505  1507  1509  1511  1513  1521  
  1525  1527  1529  1532  1535  1538  1557  1562  1570  1573  1576  1579  1582  
  1585  1588  1594  1597  1600  1606  1609  1612  1615  1618  1621  1624  1628  
  1635  1638  1641  1644  1647  1650  1664  1668  1670  1674  1678  1682  1686  
  1688  1691  1705  1709  1713  1717  1721  1723  1731  1739  1744  1752  1761  
  1768  1774  1780  1786  1795  1804  1813  1816  1818  1821  1834  1842  1850  
  1858  1872  1878  1884  1893  1902  1910  1917  1918  1928  1936  1944  1948  
  1954  1957  1961  1967  1970  1972  1974  1981  1987  1997  2000  2008  2021  
  2025  2026  2040  2042  2046  2049  2052  2060  2063  2071  2080  2088  2090  
  2092  2094  2096  2104  2111  2124  2126  2127  2134  2141  2154  2167  2169  
  2173  2177  2185  2191  2198  2202  2214  2220  2222  2229  2234  2236  2244  
  2247  2252  2263  2281  2289  2297  2306  2310  2328  2335  2342  2345  2349  
  2357  2366  2371  2377  2384  2388  2396  2403  2405  2409  2416  2431  2443  
  2447  2448  2449  2454  2461  2471  2475  2482  2489  2508  2516  2524  2531  
  2537  2550  2551  2557  2567  2569  2574  2586  2602  2609  2614  2615  2620  
  2632  2637  2643  2648  2663  2668  2672  2678  2680  2682  2684  2686  2689  
  2694  2696  2704  2712  2719  2724  2739  2744  2748  2753  2757  2770  2778  
  2782  2785  2793  2801  2804  2813  2824  2832  2840  2844  2849  2854  2860  
  2866  2873  2877  2883  2885  2890  2894  2900  2904  2906  2911  2918  2925  
  2937  2943  2948  2952  2957  2963  2969  2972  2979  2984  2989  2993  3000  
  3002  3011  3018  3019  3022  3034  3041  3052  3057  3066  3069  3073  3078  
  3080  3088  3092  3098  3107  3111  3116  3121  3125  3130  3136  3143  3145  
  3152  3153  3161  3164  3168  3172  3176  3194  3199  3203  3216  3220  3224  
  3229  3236  3241  3246  3259  3262  3268  3274  3290  3294  3298  3302  3310  
  3314  3320  3323  3331  3338  3343  3354  3360  3365  3366  3372  3376  3382  
  3397  3407  3410  3414  3421  3436  3452  3456  3459  3478  3486  3490  3496  
  3503  3506  3513  3520  3521  3528  3538  3540  3542  3544  3551  3559  3563  
  3567  3580  3585  3590  3591  3605  3609  3614  3619  3622  3626  3635  3642  
  3646  3652  3671  3684  3689  3693  3704  3706  3715  3720  3726  3733  3734  
  3742  3750  3758  3766  3773  3786  3790  3797  3807  3826  3832  3839  3853  
  3854  3862  3871  3872  3878  3880  3887  3894  3902  3909  3914  3921  3926  
  3942  3958  3961  3967  3972  3976  3978  3984  3988  3990  3997  4007  4015  
  4024  4031  4038  4048  4059  4068  4070  4074  4094  4096  4103  4110  4112  
  4116  4134  4141  4145  4149  4156  4163  4179  4192  4199  4207  4228  4235  
  4241  4256  4262  4269  4276  4283  4288  4295  4302  4318  4325  4332  4345  
  4346  4354  4361  4366  4373  4379  4390  4392  4408  4415  4424  4430  4432  
  4436  4445  4454  4457  4460  4471  4482  4484  4486  4498  4502  4503  4508  
  4516  4519  4527  4533  4539  4546  4553  4560  4567  4574  4581  4585  4590  
  4596  4602  4607  4611  4615  4623  4630  4645  4648  4654  4661  4664  4672  
  4675  4678  4689  4694  4696  4706  4707  4719  4726  4741  4754  4760  4767  
  4780  4785  4790  4791                                                        
    1    1   26    1   25  692  718  719  720  753  807  662  666  667  669  671
  674  675  676  681  682  687  690  710   22  142  145  151  155  158  160  162
  165  169  171  178  193  194  231  232  277  279  781   44   77  112  114  116
  117  119   94   95   97  677  704  726  727  728  729  730  731  742  307  325
  353  354  355  356  357  100   48   77  112  114  116  117  119  162  202  246
  247  248    1  297  299  300  303  316  333  338  341  342  343  344    1   19
   25  811    1   33   87  325  353  355  356    1   25  448  601    1   43   75
  106  107  108  109  110   49   77  114  116  117  119    1   70   75  106  107
  108  109  110  159  202  246  247  248  165  210  249  250  251  252  253  254
  112    1   25  157  385  461  510  398  420  450  498  499  500  501  506  507
  508  516  521  115    1  429  471  472  473  474  475  505    1  375  376  378
  381  382  406  409  419  469  506  522  672  676  690  693  699  704  712  726
  727  728  729  730  731  742  119   45   79  113  115  118  120  121   70   71
  123    1   35   43   45   46   47   48   50   54   70   71   91    1   43   45
   47   57   70   71   74   75   93  101  102  103  104  105  106  107  108  109
  110  126   93  128  129  130  705  733  734  750  132  133    1   59   64   65
   66   67   68   69   70   95  135  136  312  332  358  359  360  361  362    1
   37   40   42   43   44   47   48   50   70   71   91   92    1  189  190  198
  242  243  244  245  174  221  267  268  269  270  271  231  232  310  322  349
  350  351  352  234  235    1  375  376  380  385  389  435  437  464  505  506
  521  522  237  365  373  375  376  377  379  385  388  389  392  396  409  506
  521  146  151  155  158  161  163  167  178  183  193  194  231  232  277  279
  781  548  549    1  198  229  242  243  244  245    1   25  207  276  595    1
  242  245  146  151  154  159  161  163  167  178  183  193  194  231  232  278
  279  248   31  467  468  251  252    1  538  540  541  556  568  576  577  578
  580  582  617  254  306  332  358  359  360  361  362  256    1  375  376  384
  389  431  464  476  477  478  479  480  506  521  522   91    1  429  436  471
  472  473  474  475  260   45   46  503    1   33   51  309  163  213  220  261
  262  263  264  265  266  173  213  220  261  262  263  264  265  266  219  220
  221  263  266  267  268  269  271  233    1  186  198  242  243  244  245    1
  181  196  238  239  240  241  270    1   43   44   47   56   70   71   74   93
  101  102  103  104  105    1   25   31  443  487  273    1  297  299  300  303
  305  318  333  338  345  346  347  348  275  276  277  173  177  179  180  191
  193  217  221  233  267  268  269  270  271  279  365  372  375  376  377  379
  384  389  393  403  409  412  416  419  427  468  506  513  514  521    1  141
  813  160  162  226  280  281  282  283  284    1  150  151  177  188  189  191
  193  194  221  235  267  268  269  270  271  284  296  334  335  180  221  267
  268  269  270  271  337  338  339  340  341  342    1   25  707  737  738  739
  740  741  743  811  344    1   43   44   47   57   70   71   75   93  106  107
  108  109  110  346    1   25   28  285  319  364  348  349  322  323  307  322
  349  350  351  352  680  705  732  733  734  735  736  353  388  416  418  423
  468  506  355  356  306  325  353  354  355  356  357  358    1  375  376  385
  389  433  464  481  482  483  484  506  521  522  360  670  672  696  357    1
   25   28  319  364  594  365  365  371  375  376  377  379  384  389  393  397
  409  411  506  513  514  521  461  462  463  464  306  313  330  466    1   33
    1    7   25  510  691  692  716  717  719  720  469    1  538  540  541  568
  576  577  578  580  582  617    1  375  376  380  384  389  435  437  464  505
  506  521  522  143  149  151  154  157  160  162  165  171  174  193  194  231
  279  474  475  678  705  732  733  734  735  736  675  676   23  226  280  281
  282  283  284  120  393  446  490  491  492  493  494    1   43   47   56   70
   71   74   93  101  102  103  104  105  484  389  391  443  485  486  487  488
  489  153  154    1  153  193  198  237  242  243  244  245  557  609  653  654
  655  656  657    1   52   58   59   60   67   70   71   86   90  134  135  136
  137  422  450  498  499  500  501  508  516  491  492  493    1  671  692  713
  718  719  720  753    1   64   65   69   70   95  496  485  498  387  450  498
  499  500  501  508  516    1  368  813  501  502  149  150    1   25   31  450
  498  499  500  501  508  510  516  809  507  508  144  149  151  153  156  161
  163  165  170  176  193  194  231  232  279  510  511  512  513  514  515  516
    1   33   86  327  519    1  377  462  522  663  666  667  668  670  672  676
  679  680  688  690  710  524  525   22  142  145  151  154  157  160  162  165
  169  171  178  193  194  231  232  279  527  534  539  682  701  721  722  723
  724  725  742  586  596  612  613  614  615  616  617  397  445  470  495  496
  497  506  521  557  607  648  649  650  651  652    1  585  589  619  620  621
  622    1  666  692  718  719  720  753    1   25  440  597    1  577  578  591
  623  624  625  626    1  541  591  623  624  625  626  532  533  534  537  540
  541  543  544  545  546  547  555  557  562  582  613  614  615  529  537  540
  541  542  544  545  546  547  548  556  560  582  613  614  615    1  332  359
  360  361  792    1   12   25   31  598  629  631  558  600  632  633  634  635
  636    1   25   31  446  491  492  493  494  510  800  547  600  632  633  634
  635  636  637    1  538  540  541  558  569  576  577  579  581  582  617  552
  558  565  569  575  582  616  583  556  609  653  654  655  656  657  578  602
  638  639  640  641  642  556  602  638  639  640  641  642    1  544  591  623
  624  625  626  552  602  638  639  640  641  642    1   58   59   65   67   70
  644  559  607  648  649  650  651  652  572  605  643  644  645  646  647  555
  600  632  633  634  635  636  648  546  547  595  596  618  172  213  220  261
  262  263  264  265  266    1  666  691  715  716  717  752  653  531  537  540
  541  542  544  545  546  547  554  558  565  582  613  614  615  655  567  609
  653  654  655  656  657  548  600  632  633  634  635  636  693  698  710  711
  712  713  714   59   60   71   86   94  134  135  136  137    1  670  691  713
  715  716  717    1  297  299  300  302  318  333  338  345  346  347  348  804
  805  806  807  809  810    1   25  222  452  510  722  676  701  721  722  723
  724  725  742    1   43   45   46   47   76   91  111  725  395  418  453  502
  503  504  506  507  520  521  727  255  680  704  726  727  728  729  730  731
  742  660  666  667  668  670  673  676  679  680  685  690  710  726  732  733
    1   65   66   74  101  102  103  104  105  311  332  358  359  360  361  362
  236  707  737  738  739  741  749  739    1   47   71   79   97  113  115  118
  120  672  707  737  738  739  740  741  741  742  743  752  672  701  721  722
  723  724  725  742    1   25  669  671  674  758  798    1   14   25  510  800
  688  705  732  733  734  735  736  672  676  690  693  700  703  712  760  761
  762  763  764  681  703  760  761  762  763  764  677  703  760  761  762  763
  764  672  703  760  761  762  763  764  765  781  782  783  784  785  786  787
  788  546  547  609  653  654  655  656  657  418  506  814  815  170  214  255
  256  257  258  259  260  818  175  221  267  268  269  270  271  820  664  666
  667  668  671  674  675  676  681  682  689  690  710  186  202  246  247  248
    1   27    1   28    1   29    1   30    1   56   75  106  107  108  109  110
    1    5   25  453    1   25    1  817    1   36  812    1  373  812    1  664
  812  141  149  151  153  156  161  163  164  178  193  194  226  230  279  280
  281  282  283  284  161  202  246  247  248  168  214  255  256  257  258  259
  260    1  532  814    1  663  814    1  146  815    1  371  815    1  535  815
    1   38  817  410  453  502  503  504  520    1  293  817    1  366  817    1
   25  225  607  648  649    1  658  817    1  145  818    1  374  818    1  533
  818    1  147  819    1  372  819  547  551  554  599  157  193  202  237  246
  247  248    1  665  820    1   35  821    1  662  821    1  148  822    1  370
  822    1   43   45   47   57   70   71   75   93  106  107  108  109  110    1
   25   27  425    1   74    1   25   27  432    1   25   27  434    1   25   29
  440    1   25   30  441    1   79    1   25  780    1   43   45   47   57   70
   71   74   93  101  102  103  104  105    1   25   31  447    1   25   32  451
    1   25   32  454    1   25   32  227  506  522    1   70   74  101  102  103
  104  105  396  445  470  495  496  497  506  521   75  106  109  110  139    1
   56   74  101  102  103  104  105   44   81  123  124  125  126  127  128  129
  416  446  490  491  492  493  494    1   25  156  384  461  510   47   84  130
  131  132  133   47   86  134  135  136  137   48   81  123  124  125  126  127
  128  129   49   81  123  124  125  126  127  128  129   50   81  123  124  125
  126  127  128  129    1  106  107   67   71  225  227  228    1   54   58   59
   67   70   71   86   90  134  135  136  137    1   55   58   59   63   67   71
   94    1  380  431  476  477  478  479  480    1   57   74  101  102  103  104
  105  672  676  690  693  700  704  712  726  727  728  729  730  731  742   60
   84  130  131  132  133   61   86  134  135  136  137   59   62   71   86   94
  134  135  136  137   59   63   71   86   94  134  135  136  137    1   64   74
  101  102  103  104  105  403  446  490  491  492  493  494  362    1   66   71
   79   97  113  115  118  120  122   66   77  112  114  116  117  119  121    1
  385  433  481  482  483  484  506    1   79   80  122   81   82  123  127  128
  129   80   82   83   47   50   52   89   86   88  134  135  136  137   47   52
   85   70   72   42   44  566  607  648  649  650  651  652   59   86  134  135
  136  137    1   25   66  704  726  727  728  729  730  731   40   47   85    1
   40   41   58   59   67   71   94    1   39   43   45   46   47   49   51   53
   70   71   91   92   74  104  105  138  465  148  149  151  154  156  161  163
  166  175  193  194  231  232  279    1  150  423  517  518  519  589  590  619
  150  151  152    1   25  701  722  723  724  725  778  198  199  242  161  214
  255  256  257  258  259  260  160  162  210  249  250  251  252  253  254  393
  445  470  495  496  497  506  521  193  214  297  340  297  299  297  300    1
   25  100  303  333  337  364  670  424  457  523  524  525  526  527    1   38
   43   45   46   47   49   51   53   70   71   91  111  301  319  102  545  609
  653  654  655  656  657  313  325  353  354  355  356  357    1  297  299  300
  302  304  318  333  338  345  346  347  348    1  297  299  300  303  305  316
  333  338  341  342  343  344  325  333  316  317  341  342  318  320  345  346
    1   14   25   77  116  121  140  510  325  327  353  354  355  356    1  369
  438  441  446  455  816    1   33   59  314    1   25  510  672  676  677  679
  680  690  742  759  780    1   50   59   65   67   70  376  378  403  443  485
  486  487  488  489  389  394  405  408  444  505  506    1   25   43   44   98
  100  140  798    1  476  480    1   33   47   53  326    1   25   31  600  632
  633  634  635  636  637  778  365  374  375  376  377  379  384  389  393  404
  409  414  419  506  513  514  515  521  546  547  598  627  628  629  630  631
  160  162  221  267  268  269  270  271  672  704  726  727  728  729  730  731
  742  389  392  441  506  529  533  534  537  540  541  542  544  545  546  547
  555  557  566  582  613  614  615  396  443  485  486  487  488  489  404  446
  490  491  492  493  494  543  594  781  387  517  518  519    1  668  691  713
  715  716  717  752    1  150  151  153  159  181  193  194  234    1  153  187
  188  195  446  448  490  491  492  493  172  226  280  281  282  283  284    1
   25  438  594  171  214  255  256  257  258  259  260  578  598  627  628  629
  630  631  441  442  389  393  441  506    1   12   25   31  443  485  486    1
  375  376  385  431  464  465  476  477  478  479  480  506  521  522    1  375
  376  380  384  435  437  464  505  506  521  522  453  456  503  504   99  729
  417  445  495  496  497  545  607  648  649  650  651  652    1  100  296  301
  302  304  333  334  337  798  390  517  518  519    1   25   27  433  481  510
  807  409  457  523  524  525  526  527  365  366  369  375  376  377  379  385
  389  393  395  409  410  413  415  506  513  514  521  402  413  415  418  420
  449  467  506    1  381  433  481  482  483  484  506  386  457  523  524  525
  526  527  402  453  502  503  504  520    1  297  299  300  303  305  318  333
  338  345  346  347  348   92  414  453  502  503  504  520  446  453  490  491
  492  493  502  503  504  520  677  690    1   25   32  611  810  401  421  450
  498  499  500  501  506  507  508  516  521  365  372  375  376  377  379  384
  389  393  403  409  412  506  513  514  521  428  457  523  524  525  526  527
    1   25  707  800  801  280  399  423  506  507  521  400  422  450  498  499
  500  501  506  507  508  516  521  401  421  506  507  521  419  453  502  503
  504  520  379  385  439  511  781  147  151  155  158  161  163  168  184  193
  194  231  232  277  279  781  453  455  502  504  520  457  459  525  526  457
  458  523  524  525  526  538  540    1  540    1  541  537  540    1  619  620
  602  603  638  639  642  667  714    1   25  691  715  716  717  752  805  164
  214  255  256  257  258  259  260  691  692  716  717  719  720  745    1   25
   28  594  799    1  150  151  178  188  189  190  193  194  221  235  267  268
  269  271    1   25   27  425  774    1   25  197  432    1   25   27  590  746
    1   25  432  590  665  666  667  669  671  674  675  676  679  680  683  690
  710    1  577  578  589  619  620  621  622    1   25  434  592    1  718  753
    1  375  378  379  383  466  506  522    1    8   25   27  433  481  484  512
  591  592  623   51   81  123  124  125  126  127  128  129    1   25   31  214
  255  256  257  258  259  260  809    1   25  691  715  716  717  752  806    1
  301  316  338  341  342  343  344    1   25  201  594    1   25   28  201  694
    1   25   28  201  766    1   25   28   57  140  285  175  225  272  273  274
  275    1  543  589  619  620  621  622    1   25  289  593    1   25   28  289
  669  713  666  690    1   25   28  695  798    1   25  206  440    1  798  800
  801  802  817    1   25  206  290  548  582    1   10   25   29  206    1   25
   30   76  140  442  510  163  165  166  167  171  193  211    1   25  221  226
  267  268  271  280  281  282  284  610    1   25   30  442  510  699    1   25
   30  207  808    1   25  747  808    1    9   25   30  442  388  415  418  423
  467  506    1   12   25   31  210  252  379  438  781    1   12   25  510  701
  721  724    1   14   25  510  768    1   12   25   31  777    1   33   79  321
  688  707  737  738  739  740  741  550  551    1    7   25   27  376  382  385
  505  512  547  598  627  628  629  630  631  636  767  768  769    1  375  376
  378  381  382  407  409  418  469  506  522    1   11   25   31  598  628  629
    1   25   31  214  255  256  257  258  259  260  778    1   13   25   31  444
    1  376  429  471  472  473  474  475  506  701  702  722    1   25  291  601
    1   25  212  448  510  409  418    1  382  433  481  482  483  484  506    1
   33   83  324    1   25   32  409  510  769    1   25   81  123  124  127  128
  129  704    1   25  793  800    1   15   25   31  447    1   15   25   31  604
    1   25  323  704    1   16   25   31  447  602  604  638  639  640  642    1
   86  134  135  136  137  789  390  393    1   84  130  131  132  133  790  241
    1  703  760  761  762  763  764  790    1  790  811    1   25  219  451    1
   25  219  606    1   25  224  455  145  147  151  155  158  161  163  167  169
  178  185  193  194  231  232  277  279  781    1   25   32  224  770    1   25
  224  286    1    3   25   32  221  226  267  268  271  280  281  282  284    1
   25  292  611    1   25  445  599    1   25   32  455  794  560  609  653  654
  655  656  657  193  221  267  268  271    1   18   25   32  219    1   36   43
   45   46   47   48   50   55   70   71   91   92  666  668  694    1   25  454
  502  520  610    1   25   32  452  510  706    1  150  151  171  188  189  191
  193  194  221  235  267  268  269  270  271    1   25   89  797    1   25  328
  797    1   25  223  454    1   25   32  453  504  510  520  771    1   25  223
  287    1   25  743  750  800  801  450  451  501    1    4   25   32  607  648
  649  650    1   25  457  523  525  526  779    1   84  132  133  791  221  222
  226  267  268  269  271  280  281  282  284  609  611  653  654  655  657    1
    5   25   32  453  509  160  162  163  167  171  211    1   39  798  817    1
   25   28   57  140  289  365  370  375  376  377  379  384  387  389  394  405
  409  506  513  521  395  446  470  490  491  492  493  494  506  521    1  294
  813    1   25  748  800    1  182  196  238  239  240  241    1  375  376  385
  389  431  464  476  477  478  479  480  506  521  522  294  297  299  300  301
  303  305  306  308  310  312  333  334  335  336  337    1   33   48  308    1
  295  814  365  373  375  376  377  379  385  389  392  396  402  409  415  418
  423  449  467  506  521  389  392  396  444  446  490  492  493    1   33   50
  310  389  392  408  440  463  506  423  457  523  524  525  526  527  184  225
  227    1   25   32  453  510  520  773  176  221  267  268  269  270  271  266
   22  226  280  281  282  283  284    1   25   31  443  485  486  487  488  489
  778  152  194  179  193   19   20    1  142  201  207  214  224  816    1  528
  594  595  596  600  609  816    1  367  798  817    1  659  798  817    1   34
   42   43   44   47   48   50   52   70   71   91   92    1   46   47   49   78
    1   64   68   70   95  336    1   53   58   59   61   67   70   71   86   90
  134  135  136  137  154  155  277  781  156  160  161  162  207  398  420  506
  507  521  153  200  781  153  158  200  781    1   49   71   79   97  113  115
  118  120    1  692  718  719  720  753  757  306  310  312  328    1   25   27
  198  242  807   21  141  145  149  151  153  156  157  160  162  164  169  170
  178  193  194  231  232  279    1  150  151  154  158  193  194  196  234  238
  239  240  241  160  202  246  247  248  161  163  193  203    1  666  667  668
  671  674  676  690  711  756  758  183  228  679  704  726  727  728  729  730
  731  742  163  193  206  208  236  161  163  193  203  204  236  394  446  490
  491  492  493  494  267  166  210  249  250  251  252  253  254  167  210  249
  250  251  252  253  254  168  210  249  250  251  252  253  254  169  210  249
  250  251  252  253  254  160  161  162  163  165  171  209  658  666  667  669
  671  674  675  676  677  678  684  690  710    1  789  800  801  184  221  267
  268  269  270  271    1   25  705  732  733  734  735  736  743  811   24  144
  145  149  151  153  156  157  161  163  165  169  170  178  193  194  231  232
  279  398  453  502  503  504  520  178  221  267  268  269  270  271  174  177
  179  180  191  193  217  221  233  267  268  269  270  271  261  415  445  470
  495  496  497  506  521  180  213  220  261  262  263  264  265  266  257  405
  443  485  486  487  489   60   73    1  189  196  238  239  240  241  407  443
  485  486  487  488  489  191  210  249  250  251  252  253  254    1  196  229
  238  239  240  241  214  215  257  258  260  214  216  255  256  257  258  260
  184  225  273  274  275  293  297  299  300  301  302  304  306  307  309  311
  333  334  335  336  337  295  297  299  300  301  303  305  306  308  310  313
  333  334  335  336  337  297  298  299  306  322  349  350  351  352  311  314
  315  333  339    1   33   74  317  315  363  329  332  358  359  360  361  306
  321  331  332  375  376    1  383  429  472  473  474  475    1  379  429  460
  471  472  473  474  475  506    1  380  429  471  472  473  474  475    1  381
  429  471  472  473  474  475  506    1  379  383  425  460  505  506    1  379
  383  426  460  505  506    1  379  431  460  476  477  478  479  480  506    1
  375  376  380  385  435  464  505  506  521  522    1   48   71   79   97  113
  115  118  120  506  521  429  430  471  512  365  368  375  376  377  379  384
  386  389  391  396  409  416  418  422  468  506  513  514  521  537  582    1
  541  589  619  620  621  622    1  584  589  619  620  621  622  542  543  544
  582  583  586  531  533  534  537  540  541  542  544  545  546  547  552  558
  565  582  613  614  615  545  602  638  639  640  641  642  545  546  594  781
  379  385  438  781  547  605  643  644  645  646  647  548  598  627  628  629
  630  631  530  537  540  541  543  544  545  546  547  550  557  561  582  613
  614  615  146  151  154  159  161  163  167  178  183  193  194  230  279  555
  598  627  628  629  630  631  550  557  605  643  644  645  646  647  365  374
  375  376  377  379  384  389  393  404  409  414  417  419  424  467  506  513
  514  515  521  558  607  648  649  650  651  652  566  568  573  578  582  616
  142  151  155  158  160  162  165  171  173  193  194  231  277  279  781  560
  568  570  578  582  616  562  607  648  649  650  651  652  561  607  648  649
  650  651  652  563  609  653  654  655  656  657  564  568  572  582  616  579
  600  632  633  634  635  636  567  607  648  649  650  651  652  536  537  540
  541  542  544  545  546  547  551  557  564  582  613  614  615  570  605  643
  644  645  646  647  573  607  648  649  650  651  652    1   17   25   32  547
  571  572  607  648  649  650  651  652  647    1  376  433  481  482  483  484
  506  546  547  556  607  608  650  652    1  576  584  587  588    1  543  591
  623  624  625  626  563  568  571  578  582  616    1  538  540  541  569  576
  577  579  581  582  617  580  582  532  537  540  541  543  544  545  546  547
  549  556  563  582  613  614  615  160  162  225  272  273  274  275  415  418
  445  470  495  496  497  506  521  547  550  553  557  558  599  547  582    1
   25  795  801    1   25  433  481  482  483  484  510  584  165  213  220  261
  262  263  264  265  266  668  671  696  671  672  696    1  666  667  668  670
  672  690  711  713  754  758    1  666  667  668  670  672  690  711  713  755
  758  672  674  672  673    1  666  667  668  670  673  676  690  711  713  757
  758  674  675  693  699  735    1   25  380  505  587  681  701  721  722  723
  724  725  742  707  708  737  545  600  632  633  634  635  636  637  410  415
  418  420  467  506    1  765  766  768  772  817  685  705  732  733  734  735
  736  686  705  732  733  734  735  736  687  705  732  733  734  735  736  689
  703  760  761  762  763  764  689  707  737  738  739  740  741  683  705  732
  733  734  735  736  676  677  684  709    1   25  692  718  744  705  732  733
  734  736  751  803  804  805  806  807  810    1   25   27  426  775    1   25
  195  430    1   25  195  288    1    6   25   27  429  471  475  512    1   17
   18   25   32  450  501  141  149  151  153  156  160  162  164  170  172  193
  194  231  232  279  196  197  238  562  568  574  578  582  616  552  558  567
  569  575  582  616    1   34  813    1  301  318  338  345  346  347  348    1
  530  813    1  660  813    1   59   64   65   66   67   68   69   70   95   96
  160  161  162  164  205  190  192    1  150  151  154  158  186  187  193  194
  234  244  162  175  177  178  193  218  221  267  268  269  270  271  550  602
  638  639  640  641  642  535  537  541  542  544  545  546  547  553  558  567
  582  613  614  615  661  666  667  669  671  674  675  676  677  678  686  690
  710  672  675  677  693  697  698  395  443  485  486  487  488  489    1   43
   47   57   70   71   74   93  101  102  103  104  105    1   25   28  202  776
    1   25   28  202  796    2                                                  
  1.00000E+00  1.00000E-03 -1.00000E+00  6.88500E-01  9.54200E-01  1.00000E+00  
  5.58000E+00 -8.30000E+00  9.70000E+00 -5.94000E-01  1.00000E+00  1.01000E+00  
  2.40000E-02  9.00000E-03  7.79999E-02  1.27000E-01  6.50000E-02  1.30000E-01  
  1.50000E-02  1.72000E-01  2.50000E-02  3.55000E-01 -2.34000E-02  1.23500E+00  
  4.84000E-01  7.07000E-01  3.03000E-01  8.00000E-03  9.60000E-02  7.60000E-02  
  4.70000E-02  1.35000E-01  6.30000E-02  4.10000E-02  2.00000E-02  2.90000E-02  
 -2.50000E-02  1.00000E-03  1.00000E+00  1.00000E+00  9.60000E-02  9.83000E-01  
 -9.60000E-02 -1.00000E+00  1.00000E+00 -9.27000E+00  7.82000E+00 -3.50000E+00  
  3.38900E+01 -1.60000E+01  1.00000E+00  1.00000E+00  1.00000E+00 -1.00000E+00  
  1.00000E+00 -4.00000E-01 -2.00000E+00 -3.33000E+00 -6.00000E+00  3.80000E-01  
 -2.10000E+01  1.00000E+00 -1.00000E+00  1.00000E+00 -2.22200E+01  1.91300E+01  
 -2.72000E+01 -6.40000E+01 -4.00000E+00  1.00000E+00 -1.00000E+00  1.00000E+00  
  7.10000E-01 -2.16000E+00  2.75000E+00 -3.17000E+00 -1.00000E+00 -1.00000E+00  
  9.70000E-01 -8.54000E+00  1.55000E+00  6.30500E+01  1.51000E-01  1.04000E-01  
  7.00000E-02  1.04000E-01 -1.00000E+00  7.22000E-01 -1.26000E-01  1.00000E+00  
 -2.74000E+00 -5.10000E+00 -1.40000E+00 -1.94000E-01  1.61870E+00  1.00000E+00  
  2.67500E+00  1.00000E+00  1.18760E+00  1.00000E+00  1.00000E+00 -1.00000E+00  
  1.27000E+00  6.00000E+00  1.00000E+01  3.10200E-01  4.92000E-01 -1.00000E+00  
  1.00000E+00  4.04000E-02 -1.00000E+00  1.00000E+00  3.37900E+01 -5.99000E-01  
 -1.40800E+01 -1.47800E+01 -6.89900E+00 -1.00000E+00  1.00000E+00 -1.45000E+00  
  6.50000E+00 -3.26000E+00 -1.50000E+00  4.95000E-02 -1.00000E+00  1.00000E+00  
 -1.89600E+01 -7.34000E-01 -1.55160E+02  2.18260E+02  9.55100E+01 -1.00000E+00  
  9.90000E-01 -3.96000E-01  5.40000E-01 -3.46500E+01 -1.00000E+00  1.00000E+00  
 -2.70000E+00  7.60000E+00  2.40000E+00 -2.50000E-01 -4.07000E+00 -1.00000E+01  
  1.00000E+00  2.87500E-01  5.00000E-01 -1.00000E+00  9.90000E-01  9.90000E-01  
  1.00000E+00  4.67000E-01 -1.00000E+00  4.67000E-01  1.04090E+01  3.73600E+00  
 -6.36100E+00  1.00400E+01  3.20000E-02  1.00000E+00  4.67000E-01  3.26900E+01  
  1.60000E-02  1.00000E+00  3.08000E-01  1.00000E+00  1.39660E+01 -3.35190E+01  
  7.06000E+00 -6.98000E+00 -4.69000E-01 -1.00000E+00  1.50000E-01  1.40000E-02  
  7.00000E-03  3.90000E-02  1.50000E-01  1.40000E-01  2.15000E-01  2.70000E-01  
 -1.00000E+00  1.13800E+00 -4.70000E-02  8.00000E-02 -6.80000E-01 -1.00000E+00  
 -3.50000E-02  1.55000E+00  1.55000E+00  1.30000E-01  1.00000E+00 -9.60000E-01  
  4.60000E-01  1.71000E+00 -3.90000E+00  1.21000E+00  4.94000E+00  1.30000E-01  
  1.00000E+00 -1.00000E+00  1.00000E+00 -9.27000E+00  7.82000E+00  3.38900E+01  
 -1.60000E+01  1.00000E+00 -1.00000E+00  1.17500E+00  1.00000E+00  1.74000E-02  
  1.01250E+00  1.92000E-01  7.00000E-02  4.80000E-02  1.15000E-01  1.13000E-01  
  7.39999E-02  3.55000E-01  3.30000E-02 -2.23000E-02  1.25000E+00  9.05000E-02  
 -7.47000E-01 -2.53000E-01  2.00000E-02  3.00000E-01  9.00000E-02 -1.01100E-01  
  2.95000E-01  2.95000E-01  1.00000E+00 -1.73000E+00 -1.08000E-01  1.89750E+01  
 -1.00700E+01 -3.31200E+00  2.05000E+00 -1.74000E-01 -2.05000E+00 -2.34000E+00  
 -6.56000E-01  1.00000E+00  1.00000E+00  1.00000E+00  1.00000E+00  1.00000E+00  
 -1.00000E+00  7.40000E-01 -7.80000E-01  1.00000E+00  1.00000E+00  1.00000E+00  
  5.21000E-02 -1.00000E+00  1.82000E-01  5.90000E-02  2.40000E-01  2.53000E-01  
  7.00000E-02  7.60000E-02  6.50000E-02  9.20000E-01  1.00000E+00  1.00000E+00  
 -1.00000E+00  1.00000E+00  5.21000E+00 -7.97000E+00  6.00000E+00  1.30000E+01  
 -8.00000E-01  1.14000E-02  1.01150E+00  5.33000E-01  3.70000E-02  1.47000E-01  
  3.70000E-02  8.00000E-02  7.39999E-02  7.30000E-02  1.90000E-02 -2.23000E-02  
  1.00000E+00  1.00000E+00  7.39999E-02 -1.00000E+00  1.20000E-01  8.80000E-01  
 -1.36120E+01  4.05000E+01 -3.23210E+01 -5.04000E-01 -1.00000E+00  1.00000E+00  
 -3.00000E-02 -1.14000E+00 -1.10000E+01 -8.03000E-01 -7.00000E-01  1.00000E+00  
  1.00000E+00 -1.00000E+00  1.00000E+00 -6.58000E+00  3.50000E+00  6.80500E+01  
 -3.47000E+00  1.00000E+00  1.00000E+00  9.80000E-02  3.00000E-02  4.40000E-02  
  2.60000E-01 -7.50000E-01 -2.50000E-01  1.40000E-02  2.30000E-02  9.82000E-01  
  4.33000E-01 -1.20000E-01  9.80000E-02  9.80000E-02  1.00000E+00  1.10000E+00  
  1.01000E+00  2.00000E-03  7.20000E-03  5.00000E-04  3.78000E-02  1.49500E-01  
  5.00900E-01  4.36000E-02  1.22800E-01  1.25700E-01  5.00000E-03 -1.70000E-02  
  3.00000E-03  1.01000E+00  3.00000E-03  7.50000E-02  7.60000E-02  9.50000E-02  
  1.40000E-01  1.30000E-01  1.69000E-01  3.11000E-01 -2.10000E-02  1.00000E-03  
  1.00000E+00  1.00000E+00  7.50000E-02  1.01200E+00 -7.50000E-02  1.00000E+00  
 -1.00000E+00  8.50000E-02  1.00000E+00  1.00000E+00 -1.66660E+01 -4.17000E+00  
  4.86000E+00 -5.74000E-01  4.67100E-01  7.17000E-01 -1.00000E+00  1.00000E+00  
  1.00000E+00  5.91000E-01 -1.11610E+01  1.00000E+00  1.01000E+00  3.00000E-03  
  1.10000E-02  1.40000E-01  9.50000E-02  1.40000E-01  1.30000E-01  1.69000E-01  
  3.11000E-01 -2.10000E-02  1.00000E-03  1.00000E+00  1.00000E+00 -5.60000E-01  
  1.01200E+00  1.00000E+00 -1.00000E+00  1.00000E+00 -1.00000E+00  1.00000E+00  
  1.00000E+00  5.04000E-02  7.60000E-02  4.00000E-02  9.69999E-02 -1.50000E-01  
 -8.50000E-01  1.59000E-01  2.05000E-01  2.29000E-01  1.50000E-02  4.66000E-02  
  1.50000E+00  1.00000E+00 -1.00000E+00  1.00000E+00 -2.39600E+01  2.12000E+01  
 -1.50000E+01 -8.30000E+01  5.60000E-01  1.00000E+00  2.19000E-01  2.30000E-02  
  3.00000E-02 -7.40000E-01 -2.60000E-01  7.76000E-01  9.63000E-01  1.02000E-01  
  8.68300E+00 -1.55700E+01  7.15000E+00 -2.52000E-01 -1.14000E-01  8.60000E-02  
  8.50000E-02  1.00000E+00  2.84000E-01  1.00000E+00 -1.00000E+00  3.73200E+00  
  6.44000E-01 -1.09360E+01  6.43000E+00 -4.32000E-01  1.00000E+00  1.00000E+00  
 -1.00000E+00  1.00000E+00  1.18760E+00  1.00000E+00  1.00000E+00 -1.00000E+00  
 -1.00000E+00  1.00000E+00  1.00000E+00 -2.26900E+01  2.11900E+01 -2.86000E+01  
  1.52000E+00 -2.50000E+01 -3.10000E+01 -1.00000E+00  1.00000E+00  1.00000E+00  
  5.59000E+00 -7.09000E+00  4.00000E+00 -8.03000E-01  7.50000E+01  2.90000E+01  
  9.33000E-01 -1.00000E+00  6.70000E-02  2.00000E+00 -5.00000E+00 -5.14000E-01  
  4.36000E-01 -2.50000E+00 -6.70000E-01  1.00000E+00  9.80000E-02 -1.00000E+00  
  1.00000E+00  6.66400E+00 -6.96069E+01  2.82060E+01 -6.63000E-01  1.97000E-01  
 -1.00000E+00  1.00000E+00  4.04600E+00 -5.22000E+00 -1.14030E+01 -3.65000E-01  
  1.00000E+00  1.18100E-01 -7.45000E-01 -2.55000E-01  2.00000E-02  8.29999E-02  
  1.62000E-01 -1.19000E-01  7.35000E-01  1.24600E+00  4.23000E+00 -3.01000E-01  
  4.80500E+00 -1.24900E+01 -4.42100E+00  9.58280E+00  1.65800E+00 -1.00000E+00  
  1.00000E+00 -5.00000E+00  1.00000E+00  1.04000E-01  7.60000E-02  5.00000E-02  
  7.60000E-02 -6.25000E-01 -3.75000E-01  7.98000E-01 -1.20000E-01  1.00000E+00  
 -6.97000E+00 -1.30000E+01  2.00000E+00 -4.30000E-01  1.00000E+00  1.00000E+00  
  1.00000E+00 -1.00000E+00  5.70000E-02  3.08000E-01  3.96000E-01 -6.00000E-02  
 -9.40000E-02  1.89000E-01  1.40000E-01  1.03600E+00 -5.24000E-01  3.61000E-01  
  6.00000E+00 -2.23000E-01  1.40000E+00  1.00000E+00  1.10000E+00  1.01000E+00  
  2.00000E-04  4.00000E-04  3.00000E-04  2.36000E-02  7.00000E-02  3.00000E-02  
  1.50000E-01  2.20000E-01  5.00000E-03  2.61900E-01  1.90000E-02  8.34000E-02  
  1.35700E-01  2.38100E-01 -2.34000E-02  1.10000E+00 -1.00000E+00  5.00000E-04  
  1.00700E+00 -1.00000E+00  1.00000E+00 -2.27000E-01 -7.73000E-01  1.00000E+00  
 -2.96700E+01  2.79200E+01 -7.70000E+01  5.09700E+00 -2.27000E+01  9.50000E-02  
  2.40000E-02  5.90000E-02 -1.00000E+00  1.25000E-01  1.55000E-01  3.98000E-01  
 -5.10000E-02  8.50000E-02  1.00000E-01  1.00000E+00 -2.18800E+00  2.07000E+00  
  5.60000E+00 -2.84000E-01 -2.34000E+00  1.00000E+00  1.00000E+00  1.00000E+00  
  1.00000E+00 -1.00000E+00  1.00000E+00  4.40000E+00 -5.57000E+00 -1.90000E+01  
 -1.75000E-01  1.30000E+01  1.00000E+00  1.00000E+00  1.00000E+00  1.00000E+00  
  1.00000E+00  1.00000E+00  5.38800E-01  9.54000E-01  1.00000E+00 -1.60000E+01  
 -1.34000E+00  7.00000E-01 -1.03000E+00 -4.00000E+00  1.00000E+00  1.00000E+00  
  1.00000E+00  5.30000E-02 -7.45000E-01 -2.55000E-01  2.00000E-02  2.50000E-01  
  3.90000E-02 -7.20000E-02  6.91000E-01  8.58000E-01 -7.20000E-01 -3.84000E-01  
  2.98000E+01 -1.86900E+01 -4.15300E+00  1.00000E+00  4.81850E+00  2.64170E+00  
 -1.00000E+00  1.00000E+00 -1.00000E+00  1.00000E+00  1.00000E+00  1.00000E+00  
 -1.00000E+00  1.00000E+00 -1.00000E+00  1.00000E+00 -1.86000E+00  1.30000E+00  
 -2.98500E+01 -4.00000E+00 -1.00000E+00  1.00000E+00 -2.40000E+01 -1.27300E+01  
  1.19200E+01 -1.65000E+00 -1.80000E+01  1.00000E+00 -1.00000E+00  8.00000E-02  
  5.37000E-01  3.83000E-01  1.00000E+00 -2.70000E-02  1.00000E+00  1.00000E+00  
 -1.00000E+00  1.00000E+00 -2.99000E+01  2.68000E+01 -3.70000E+01 -9.30000E+01  
  5.60000E-01  1.00000E+00  1.23000E-01  2.30000E-02  3.10000E-02 -7.50000E-01  
 -2.50000E-01  8.06000E-01  8.72000E-01 -8.68500E+00 -1.56020E+01 -2.41800E+00  
 -4.74000E-01 -1.20000E-01  7.00000E-02  7.00000E-02  1.00000E+00 -7.00000E-01  
 -3.00000E-01  1.00000E+00  1.00000E+00  4.43020E+00  2.45800E+00 -1.00000E+00  
 -1.00000E+00  1.00000E+00  1.00000E+00  1.00000E+00  1.10000E+00  1.01000E+00  
  1.20000E-03  1.80000E-03  3.00000E-04  2.50000E-02  1.38000E-01  3.70000E-02  
  1.61000E-01  1.78000E-01  1.40000E-02  4.41000E-01 -1.70000E-02  1.10000E+00  
  1.00000E+00  7.00000E-04  1.00000E+00  1.00000E+00  1.00000E+00  1.00000E+00  
 -1.47000E-01 -8.53000E-01  1.00000E+00  1.00000E+00  6.37400E-01  1.00000E+00  
  1.60320E+00  1.00000E+00  2.42900E+00  1.00000E+00 -9.20000E-01 -8.00000E-02  
  3.68000E+00 -8.59000E+00  3.20000E-01 -7.50000E-01  1.00000E+00  5.04000E-02  
  6.70000E-02  3.60000E-02  8.90000E-02 -1.00000E+00  1.44000E-01  1.76000E-01  
  1.94000E-01  1.44000E-01  5.32000E-02  1.11000E+00  7.79999E-02  2.30000E-02  
  3.00000E-02  2.57000E-01 -7.40000E-01 -2.60000E-01  1.50000E-02  2.40000E-02  
  9.63000E-01  4.80000E-01 -1.14000E-01  8.60000E-02  8.50000E-02  1.01000E+00  
  4.00000E-03  1.10000E-02  4.00000E-02  1.02000E-01  3.50000E-02  1.21000E-01  
  8.29999E-02  4.00000E-02  5.60000E-01 -2.30000E-02  4.00000E-03  1.00000E+00  
  1.00000E+00  1.00000E+00  1.00000E+00 -1.00000E+00  1.00000E+00 -1.85000E+01  
 -1.42300E+01  1.34200E+01 -1.65000E+00 -3.00000E+01 -1.00000E+00  1.00000E+00  
 -1.00000E+00  1.00000E+00 -2.00000E-02 -1.73000E+00  1.40000E+00 -8.03000E-01  
  3.40000E+00  1.00000E+00 -1.00000E+00  1.00000E+00  3.94400E+00 -2.87860E+01  
 -6.80000E+00 -1.40000E+01  2.98700E+00  1.59300E-01 -1.00000E+00  2.00000E-02  
  1.49000E-01  2.41000E-01 -1.15000E-01  5.90000E-01  1.40500E+00  3.90000E-01  
 -2.42000E-01 -3.85500E+00 -4.70000E+00 -3.55000E+00  1.00000E+00 -1.80000E-01  
 -8.20000E-01  1.00000E+00  1.07600E+00 -6.84900E+00 -8.00000E+00 -1.40000E+01  
  7.98700E+00  1.00000E+00 -1.00000E+00  9.69999E-02 -1.00000E+00 -6.70000E-02  
  9.60000E-01  1.14300E+00  1.70300E+01 -7.07300E+01  4.54700E+01 -6.47000E-01  
 -1.00000E+00  1.00000E+00 -1.56400E+01  1.49500E+01 -2.59000E+01 -3.47000E+00  
 -2.40000E+01  1.00000E+01 -1.00000E+00  1.15000E-01  1.94000E-01  4.01000E-01  
  4.00000E-02  1.00000E-03 -2.20000E-02  1.29000E-01  1.20000E-01  3.78000E-01  
 -4.82000E-01 -1.94000E-01  1.20000E+01 -1.00000E+00  1.00000E+00  1.64100E+01  
  1.10000E+01 -1.77400E+01  2.60000E+00  1.00000E+00 -3.00000E+01  1.00000E+00  
  1.00000E+00  1.00000E+00  1.00000E-01 -1.00000E+00  1.00000E+00  1.00000E+00  
  3.12600E+01  3.02900E+01 -4.21400E+01 -5.86000E-01  1.55000E-02  5.50000E-01  
  1.10000E-01 -1.00000E+00  1.70000E-01  2.83000E+00  1.00000E+00  1.00000E+00  
  1.00000E+00 -1.00000E+00  1.00000E+00  8.90000E+00  1.60000E+01 -1.01500E+01  
 -4.50000E+00  1.00000E+00 -3.00000E+01  9.83900E-01 -1.00000E+00  1.00000E+00  
  1.00000E+00  1.00000E+00 -1.00000E+00  1.00000E+00  1.65900E+00  2.55400E+00  
 -1.00000E+00  1.00000E+00 -1.63300E+01 -1.70000E+01  1.50000E+01 -2.39000E+01  
  1.00000E+00  1.00000E+00 -3.00000E+01  1.00000E+00  1.00000E+00  1.00000E+00  
  1.01000E+00  2.00000E-03  1.20000E-02  5.60000E-02  8.90000E-02  7.60000E-02  
  9.00000E-02  1.00000E-01  3.20000E-02  5.41000E-01 -2.30000E-02  2.00000E-03  
  1.00000E+00  1.00000E+00  1.02100E+00  1.00000E+00  1.00000E+00  1.00000E+00  
  1.00000E+00  1.00000E+00  1.00000E+00  1.00000E+00  1.31060E+00 -1.00000E+00  
 -1.00000E+00  1.00000E+00  1.00000E+00  1.00000E-03  1.00000E+00  1.00000E+00  
 -1.00000E+00  1.01000E+00  1.50000E-02  3.00000E-03  4.70000E-02  9.69999E-02  
  4.90000E-02  1.07000E-01  1.49000E-01  2.30000E-02  5.10000E-01 -2.03000E-02  
  1.00000E+00  1.00000E+00  1.00000E+00  4.84000E-01  7.07000E-01  3.03000E-01  
  8.00000E-03  5.00000E-02  1.22000E-01  4.70000E-02  1.35000E-01  6.30000E-02  
  4.10000E-02  2.00000E-02  2.90000E-02 -2.50000E-02  1.00000E-03  1.00000E+00  
  1.00000E+00  9.83000E-01  1.00000E+00  1.00000E+00  1.00000E+00 -1.00000E+00  
  1.00000E+00 -6.30000E+00  8.00000E+00 -1.65000E+00  3.80000E+01  3.00000E+00  
  1.00000E+00  1.00000E+00  1.00000E+00  1.00000E+00  1.00000E+00  1.00000E+00  
  1.00000E+00  1.00000E+00  1.00000E+00 -1.02000E+00  1.00000E+00  2.50000E-03  
 -7.05000E-01 -1.50000E+00 -1.37280E+01 -2.30000E-02  1.30000E-02 -1.00000E+00  
  1.00000E+00 -1.61600E+01  1.54500E+01 -5.90000E+00 -3.47000E+00 -3.70000E+01  
  1.56000E-01  1.00000E+00  1.00000E+00 -3.76000E+00 -3.97000E-01  6.85000E+01  
 -5.13000E+01  1.26000E-01 -1.00000E+00  1.00000E+00 -2.60300E+01 -9.65400E+01  
  2.14100E+02 -7.34000E-01  3.10200E-01  4.92000E-01 -1.00000E+00  1.00000E+00  
  8.50000E-02 -1.27000E+00  2.70000E-01  1.00000E+00 -1.51000E+01 -5.74000E-01  
  5.26000E+01 -5.01000E+01  1.14000E-01 -1.00000E+00  1.00000E+00 -2.38000E+01  
 -7.72000E-01 -9.13999E+01  2.25900E+02  8.08000E-01  2.02000E-01  2.02000E-01  
  1.70000E-03  2.00000E-03  1.04000E-02  6.21000E-02  7.78000E-02  2.10000E-02  
  2.50000E-02  1.09600E-01  1.25600E-01  4.98000E-02  5.15000E-01 -2.13000E-02  
  1.00400E+00  1.00320E+00  1.00000E+00  1.01000E+00  2.50000E-03  3.00000E-03  
  1.10000E-02  6.35000E-02  6.40000E-02  2.20000E-02  2.20000E-02  1.03000E-01  
  1.18000E-01  4.40000E-02  5.47000E-01 -2.12000E-02  1.00000E+00  1.00000E+00  
  1.00000E+00  3.00150E+00 -1.00000E+00  7.80000E-01 -1.00000E+01  1.90000E+01  
  1.00000E+00  5.16800E-01  1.00000E+00  7.29000E-01  1.00000E+00 -1.00000E+00  
 -4.08000E+00  1.00000E+00 -1.00000E+00  1.00000E+00 -4.20000E+00 -7.40000E+00  
  1.14380E+02 -3.61000E+00  7.00000E+00  1.48030E+00  2.45800E+00 -1.00000E+00  
  1.00000E+00 -1.33330E+01 -2.00000E-01 -1.00000E+01 -7.00000E-01  1.00000E+00  
  1.00000E+00 -1.00000E+00  1.00000E+00  2.52000E+00 -6.60000E+00 -1.82000E+01  
  5.80000E-01 -7.00000E+00 -1.00000E+02  5.04000E-02  5.80000E-02  3.60000E-02  
  9.90000E-02 -1.70000E-01 -8.30000E-01  1.69000E-01  2.11000E-01  2.08000E-01  
  4.40000E-02  4.16000E-02  1.67000E+00 -7.30000E-02 -1.60000E-02 -1.00000E+00  
  6.30000E-01  4.59000E-01 -1.54000E-02  1.02000E+00  1.00000E+00 -1.00000E+00  
  1.00000E+00 -1.70200E+01  1.63300E+01 -2.22000E+01 -3.47000E+00 -2.40000E+01  
 -1.00000E+00  1.00000E+00 -9.66000E+00  1.23000E+01 -1.16600E+01 -3.48000E+00  
  1.33000E+00 -1.00000E+00  1.00000E+00 -2.71000E+00  2.80000E+00  1.05460E+02  
 -3.47000E+00 -3.64000E+00  9.00000E-02 -1.00000E+00  1.00000E+00  2.22000E+01  
 -6.10000E-01  3.00000E+01 -3.68000E+01 -1.00000E+00  1.00000E+00 -6.90000E-01  
 -1.33000E+01 -7.25000E+00 -2.94000E+00  7.80000E-01 -1.70000E-03 -1.00000E+00  
  1.00000E+00 -3.40000E-02  1.50000E-02  1.90000E-02  1.00000E+00 -1.00000E+00  
  1.00000E+00 -6.00000E-02 -6.50000E-01  2.05000E+01 -8.00000E-01 -1.00000E+01  
 -1.00000E+00  1.00000E+00  1.02700E+01 -1.14100E+01 -1.05000E+01 -8.00000E-02  
  3.50000E+01 -1.00000E+00  1.00000E+00 -1.50000E-01 -1.00000E+00  8.50000E-01  
 -2.94000E+00 -7.00000E+00  1.00000E+00 -6.00000E-01 -4.00000E-01  1.00000E+00  
  1.00000E+00  1.00000E+00 -1.00000E+00  1.00000E+00  1.00000E+00  5.40000E+00  
 -6.90000E+00 -1.00000E+01 -8.03000E-01  7.50000E+01  3.70000E+01  2.51000E-01  
 -1.00000E+00  1.00000E+00 -7.41000E+00 -9.65000E+01  2.14100E+02 -5.41000E-01  
  1.00000E+00  1.01000E+00  1.00000E-03  1.00000E-03  2.00000E-03  3.70000E-02  
  4.80000E-02  2.00000E-02  2.00000E-02  1.38000E-01  2.66000E-01  3.10000E-02  
  4.36000E-01 -2.64000E-02  9.73000E-01  9.92000E-01  1.00000E+00  1.00000E+00  
 -1.00000E+00  1.00000E+00 -3.50000E+00  2.81000E+00 -3.61000E+01 -8.00000E-01  
  6.30000E+01 -1.00000E+00  1.00000E+00 -1.40000E-01  1.20000E+00  8.40000E-01  
 -2.94000E+00 -5.00000E+00  1.00000E+00  1.00000E+00  1.00000E+00  1.00000E+00  
  1.00000E+00  1.00000E+00  1.00000E+00 -1.54000E-01 -8.46000E-01  2.00000E-04  
  1.00000E+00 -7.79999E-02  1.23900E+01 -1.32000E+01 -1.50000E+00 -1.20000E+01  
  2.01000E-01 -1.00000E+00  1.00000E+00  1.00000E+00  4.20000E+01  3.02900E+01  
 -4.21400E+01  8.29999E-02  1.15000E-01  7.70000E-02  1.15000E-01 -1.00000E+00  
  6.93000E-01 -1.20000E-01  1.00000E+00 -6.33000E+00 -4.30000E+00 -8.00000E+00  
 -3.80000E-01  1.60000E-01 -1.00000E-01  9.00000E-01 -1.00000E+00  3.00000E-02  
  1.00000E-02  2.29200E-01  5.00000E-01 -1.00000E+00  1.00000E+00  1.00000E+00  
  1.00000E+00 -1.00000E+00  1.00000E+00  3.80000E+00 -6.50000E+00  7.10000E-01  
 -1.30000E+01 -1.30000E+01  1.00000E+00  9.50000E-03 -7.00000E-02 -2.90000E-01  
 -2.30000E-01 -4.10000E-01  1.00000E+00  6.00000E-01  5.00000E-01  1.00000E+00  
  9.00000E-02 -1.00000E+00  7.80000E-01 -9.81000E+00  8.70000E-01 -1.13100E+01  
  7.60000E-02  1.00000E+00  9.23000E+00  4.00000E-02  1.00000E+00  1.00000E+00  
 -1.00000E+00  1.00000E+00 -6.50000E+00  5.00000E-01 -1.65000E+00  2.80000E+01  
 -9.12000E+00 -1.15000E+01  1.00000E+00  1.01000E+00  1.30000E-02  5.00000E-03  
  4.70000E-02  1.07000E-01  5.00000E-02  1.24000E-01  1.64000E-01  2.70000E-02  
  4.63000E-01 -2.20000E-02  1.05200E+00  1.00000E+00  1.00000E+00  1.00000E+00  
  6.01000E-02 -1.00000E+00  2.50000E-01  7.50000E-01 -1.90000E-01 -2.98000E-01  
  4.27000E+01 -2.45000E+01 -8.16000E+00 -1.00000E+00  1.00000E+00  6.84000E+00  
 -9.60000E+00  2.27000E+01 -7.00000E+00 -8.00000E-01  1.00000E+00 -1.00000E+00  
  6.00000E+00  1.23000E+00 -1.77000E+00 -3.00000E+00  1.00000E+00  1.00000E+00  
  2.18000E-02 -1.00000E+00 -4.09000E-02  9.97000E-01  9.33000E-01 -4.76000E+00  
  3.31000E+00  2.30000E+00 -1.19600E+01 -1.00000E+00  1.00000E+00 -3.80000E+01  
 -3.96100E+01  3.89700E+01  3.60800E+01 -9.20000E+01  1.00000E+00  1.00000E+00  
  1.00000E+00  1.00000E+00 -1.00000E+00  1.00000E+00  8.00000E+00 -8.50000E+00  
  3.60800E+01 -2.00000E+01 -1.30000E+01  1.00000E+00  4.07800E-01  8.58000E-01  
  3.00000E-01  5.50000E-01  1.50000E-01  8.10000E-01  1.01000E+00  1.80990E+00  
  1.00000E+00  3.00400E+00  1.00000E+00  1.00000E+00 -1.00000E+00  1.00000E+00  
 -1.10000E+01  8.00000E-01 -1.61000E+00 -2.14000E+00 -2.00000E+00 -1.50000E-01  
 -8.50000E-01 -3.50000E-02  8.10000E-01  8.10000E-01  1.90000E-01  1.00000E+00  
 -2.28000E+00 -5.53000E+00  5.40000E+00  7.40000E-01 -1.75000E+01 -1.00000E+00  
  1.00000E+00 -1.42000E+01 -1.78100E+01  1.71700E+01 -3.17000E+00 -5.00000E+01  
 -1.00000E+00  1.00000E+00 -1.20000E+01 -1.91100E+01  1.84700E+01 -3.33000E+00  
 -5.00000E+01 -1.00000E+00  1.00000E+00 -2.30000E+01 -3.96100E+01  3.89700E+01  
  3.60800E+01 -9.20000E+01  1.00000E+00  1.00000E+00  1.00000E+00  1.00000E+00  
  1.00000E+00  1.00000E+00  1.00000E+00  1.00000E+00  1.00000E+00 -1.60000E-01  
 -8.40000E-01  1.00000E+00 -2.97400E+01  2.90500E+01 -3.70000E+01  6.62000E+00  
 -8.60000E+01 -1.00000E+00  1.00000E+00  1.00000E+00  1.00000E+00 -1.00000E+00  
  1.00000E+00 -5.30000E+00  1.20200E+02  4.00000E+00 -3.00000E-01 -3.56000E+00  
 -2.05000E+00  1.00000E+00 -1.00000E+00  1.00000E+00  1.30000E+00 -2.47000E+00  
 -2.10000E+01 -8.03000E-01 -1.65000E+01  1.00000E+00  1.01000E+00  1.20000E-02  
  4.00000E-03  6.00000E-02  1.03000E-01  6.10000E-02  1.26000E-01  1.40000E-02  
  1.72000E-01  3.00000E-02  4.18000E-01 -2.20000E-02  1.14200E+00 -1.00000E+00  
  1.00000E+00  1.51480E+01 -1.05880E+01 -3.50000E+01  1.01000E-01  1.00000E+00  
  7.60000E-02  1.00000E+00  1.01000E-01  1.00000E+00  8.85000E-02  1.00000E+00  
  4.53000E-02 -1.00000E+00  1.00000E+00  7.87000E+00 -6.70000E-01 -1.02310E+02  
  8.35801E+01  1.00740E+01  1.86000E-01 -1.00000E+00  4.37500E-01  1.00000E+00  
  2.00000E-01 -1.00000E+00  2.27500E+00 -1.00000E+00 -1.53030E+00 -1.00000E+00  
  1.00000E+00  9.63200E-01 -1.00000E+00  1.00000E+00  3.68700E-01 -1.00000E+00  
  1.00000E+00  1.01000E+00  4.00000E-03  1.00000E-02  2.80000E-02  1.35000E-01  
  8.50000E-02  1.10000E-01  9.00000E-02  2.30000E-01 -3.80000E-02  3.00000E-03  
  3.00000E-01  1.00000E+00  9.69000E-01  6.33000E-01 -1.16000E+00 -4.80000E+00  
 -1.74000E-01 -4.50000E-01 -1.00000E+00  9.70000E-01 -5.43000E+00  1.73000E+00  
 -3.39500E+01 -1.00000E+00  1.00000E+00 -8.10000E+00 -1.46000E+01 -7.80000E+00  
  1.60000E+00 -3.43000E+00 -1.76000E+00  1.01090E+00 -1.00000E+00  1.00000E+00  
  3.96900E-01 -1.00000E+00  1.00000E+00  8.62500E-01 -1.00000E+00  1.00000E+00  
  6.67400E-01 -1.00000E+00  1.00000E+00  6.94300E-01 -1.00000E+00  1.00000E+00  
 -1.20630E+00 -1.00000E+00  1.00000E+00 -1.00000E+00  1.00000E+00 -1.51000E+00  
 -1.10000E+01 -9.00000E-01  8.40000E-01 -9.79100E-01 -1.00000E+00  1.00000E+00  
  9.88600E-01 -1.00000E+00  1.00000E+00  3.36600E-01  5.62000E-01  1.00000E+00  
 -1.00000E+00  4.60000E-01  2.50000E-01  4.03300E-01 -1.00000E+00  1.00000E+00  
  3.65700E-01 -1.00000E+00  1.00000E+00  3.45000E-01 -1.00000E+00  1.00000E+00  
  6.83200E-01 -1.00000E+00  1.00000E+00  8.62500E-01 -1.00000E+00  1.00000E+00  
  6.67400E-01 -1.00000E+00  1.00000E+00 -3.10000E-01 -3.10000E-01 -3.80000E-01  
  1.00000E+00 -1.00000E+00 -6.70000E-02  9.80000E-01  1.00000E+00  3.92000E+00  
  5.39000E-01 -3.43000E+01  4.09400E-01 -1.00000E+00  1.00000E+00 -1.65190E+00  
 -1.00000E+00  1.00000E+00  4.00100E-01 -1.00000E+00  1.00000E+00  4.18300E-01  
 -1.00000E+00  1.00000E+00  4.02200E-01 -1.00000E+00  1.00000E+00  4.91000E-02  
 -7.47000E-01 -2.53000E-01  2.00000E-02  3.00000E-01  4.50000E-02 -6.71000E-02  
  6.35000E-01  8.72000E-01 -6.60000E-01 -3.53000E-01  2.57300E+01 -1.66800E+01  
 -3.81800E+00  2.08248E+01  1.65800E+00 -1.00000E+00  1.00000E+00  2.00000E+01  
  1.00000E+00  1.39748E+01  1.65800E+00 -1.00000E+00  1.00000E+00  1.15968E+01  
  1.65800E+00 -1.00000E+00  1.00000E+00  1.20848E+01  1.65800E+00 -1.00000E+00  
  1.00000E+00  1.11467E+01  1.65800E+00 -1.00000E+00  1.00000E+00  1.50000E+01  
  1.00000E+00  7.90670E+00  1.64600E+00  1.00000E+00  9.06000E-02 -7.47000E-01  
 -2.53000E-01  2.00000E-02  3.00000E-01  9.00000E-02 -9.00000E-02  5.90000E-01  
  1.00000E+00  3.33000E+00 -2.37000E-01  2.04120E+01 -1.11900E+01 -3.47800E+00  
  8.01980E+00  1.65800E+00 -1.00000E+00  1.00000E+00  5.94170E+00  1.65800E+00  
 -1.00000E+00  1.00000E+00  4.60590E+00  1.65800E+00 -1.00000E+00  1.00000E+00  
  5.53500E+00  1.56200E+00 -1.00000E+00  1.00000E+00  1.16000E+00 -1.00000E+00  
  8.18999E-02 -1.00000E+00  1.00000E+00  5.17000E+00 -5.41000E-01 -1.55160E+02  
  2.18260E+02  9.55100E+01 -1.02000E+00  1.00000E+00  5.50000E-03  5.69000E-01  
 -7.10000E+00 -1.55500E+01 -2.30000E-02  1.30000E-02 -1.00000E+00  5.40000E+00  
 -1.37900E+00 -1.65500E+00  1.00000E+00  7.48000E-02 -1.00000E+00  1.00000E+00  
  2.99100E+01 -4.94000E-01 -1.02310E+02  8.35801E+01  1.00740E+01 -1.00000E+00  
  1.00000E+00 -1.39800E+01  1.01500E+01  3.38900E+01 -1.35000E+01 -2.00000E+01  
 -1.40000E+01 -2.15000E+01 -1.00000E+00  1.00000E+00 -6.92600E+00  8.00000E+00  
  6.00000E+00  1.00000E+01 -3.28100E+00  2.87500E-01  5.00000E-01 -1.00000E+00  
  9.90000E-01  9.90000E-01  1.00000E+00 -1.00000E+00  1.00000E+00 -2.69600E+01  
  2.61500E+01 -2.20000E+01 -6.90000E+01 -1.00000E+00  1.00000E+00 -2.69600E+01  
  2.61500E+01 -3.05000E+01 -6.00000E+01 -1.00000E+00  1.00000E+00 -3.98000E+00  
  1.50000E-01 -3.17000E+00 -7.25000E+00 -5.00000E+00 -1.40000E+01 -1.50000E+01  
 -1.00000E+00  1.00000E+00 -4.69000E+00  8.60000E-01 -3.26000E+00 -3.50000E+00  
 -5.50000E+00 -1.40000E+01 -1.60000E+01 -1.00000E+00  1.00000E+00 -5.40000E-01  
 -3.29000E+00 -3.60000E+00 -1.50000E+00  1.70000E+01 -1.40000E+01 -9.00000E+00  
  2.56400E-01 -1.52700E+01  1.00000E+00 -1.00000E+00  1.00000E+00 -3.22000E-01  
  1.00000E+00 -6.78000E-01  4.31000E-02 -1.00000E+00  6.89999E-02  2.73000E-01  
  1.30000E-02  1.00000E-03 -1.00000E-02  4.00000E-01  2.44000E-01  3.38000E+00  
 -3.70000E+00  2.80000E+00  1.60000E+00  7.50000E-03 -1.00000E+00  1.09000E-01  
  5.10000E-01  3.71000E-01  1.00000E-02 -3.20000E-03  1.00800E+00  1.65000E-01  
 -1.00000E+00  1.00000E+00 -1.53400E+01  7.84309E+01 -4.68800E+01  3.46000E+01  
 -2.84000E-01  7.09000E-02 -1.00000E+00  1.00000E+00  4.55400E+01 -4.68000E-01  
 -7.46499E+01  4.18000E+01 -1.64200E+00 -1.50000E-01 -8.50000E-01 -3.50000E-02  
  8.10000E-01  8.10000E-01  1.90000E-01  1.00000E+00 -1.06000E+00 -4.80000E-01  
  7.40000E-01 -5.70000E+00  1.97000E+00  7.50000E+00  1.90000E-01 -1.00000E+00  
  1.00000E+00  1.42300E+01 -1.50400E+01  8.70000E+00 -3.40000E+01 -1.00000E+00  
  1.00000E+00  1.44700E+01 -1.52800E+01  1.95000E+01 -3.10000E+01 -1.86000E-01  
 -8.14000E-01  4.00000E-04  1.00000E+00 -5.00000E-02  7.80000E+00 -8.61000E+00  
 -3.30000E+00 -1.90000E+01 -1.76000E-01 -8.24000E-01  4.00000E-04  1.00000E+00  
 -9.00000E-02  7.94000E+00 -8.75000E+00  8.00000E-01 -2.10000E+01  6.74000E-02  
 -1.00000E+00  1.00000E+00 -2.80000E-01 -4.45000E-01 -3.40300E+01  1.80000E+01  
  4.11200E+00 -1.00000E+00  1.00000E+00 -7.83300E+00 -1.49700E+01 -8.40000E+00  
  1.30000E+01 -2.72900E+00  1.00000E+00  2.18000E-02 -1.00000E+00 -4.09000E-02  
  9.70000E-01  1.97000E+00  6.93000E+00 -8.30000E+00 -2.96000E+00  3.88000E+00  
  1.00000E+02 -1.00000E+00  1.00000E+00  9.26000E+00 -1.07100E+01  1.45000E+01  
 -3.05000E+00  4.00000E+00  1.00000E+02  9.00000E-02 -1.00000E+00  1.00000E+00  
  2.74590E+01 -3.65430E+01 -5.00000E+00 -6.12000E-01 -2.00000E-03  4.17670E+00  
 -1.00000E+00  1.00000E+00 -1.50000E+01 -1.00000E+00  1.00000E+00 -1.30000E+00  
 -6.00000E+00  1.30000E+01  1.10000E+01 -7.50000E-01 -2.50000E-01  1.00000E+00  
 -6.00000E-02 -1.30000E-01 -8.10000E-01  1.00000E+00 -1.00000E+00  1.00000E+00  
 -2.26000E+00  2.01000E+00 -6.00000E+00 -1.10000E+01 -2.50000E-01 -7.50000E-01  
  1.00000E+00 -1.00000E+00  1.00000E+00 -1.00000E+00  1.00000E+00 -1.00000E+00  
  1.00000E+00 -2.60000E-01 -4.50000E-01  1.05000E+01 -8.00000E-01  6.00000E+00  
 -1.00000E+00  1.00000E+00 -3.13000E+00  2.32000E+00 -6.00000E+00  6.70000E+01  
  4.05510E+00  1.42500E+00 -1.00000E+00  1.00000E+00 -7.80000E+00  2.00000E+00  
 -3.43000E+00 -6.00000E+00 -5.00000E-01  1.60000E+01 -7.40000E-01 -2.60000E-01  
  1.00000E+00  7.50000E-03 -1.00000E+00  4.88000E-01  7.50000E-02  4.27000E-01  
  1.00000E-02 -2.90000E-03  9.44000E-01  1.00000E-02  1.00800E+00  2.41000E-01  
  5.60000E-02  2.80000E-02  6.50000E-02  7.70000E-02  5.10000E-02  4.64000E-01  
  1.80000E-02 -3.16000E-02  1.17000E+00  1.17000E+00 -1.00000E+00 -2.68400E+00  
 -1.61000E+00  1.00000E+00  1.00000E+00  1.01000E+00  1.00000E-03  4.00000E-03  
  2.40000E-02  7.30000E-02  5.90000E-02  8.29999E-02  9.60000E-02  6.59000E-01  
 -2.10000E-02  1.00000E-03  1.00000E+00  1.00000E+00  1.05000E+00  7.50000E+00  
  1.00000E+00 -1.00000E+00  1.00000E+00  9.43000E+00 -1.09100E+01 -1.00000E+00  
  1.00000E+00  1.32000E+00 -1.00000E-01 -9.00000E-01  1.00000E+00  1.21700E+00  
  1.90400E+00 -1.00000E+00  2.50000E+00 -2.53000E+00  3.00000E+00  5.00000E+00  
  1.00000E+00 -1.00000E+00  1.00000E+00  6.85000E+00 -1.00000E+00  1.00000E+00  
  3.00000E+00 -2.45000E+01 -9.22000E+00  3.00000E-01  2.35730E+01  1.14200E+01  
 -2.27000E-01 -7.73000E-01  1.00000E+00  3.30000E+00 -9.10000E+00 -7.20000E+00  
 -1.20000E+00  6.36000E+00 -1.00000E+01 -1.02000E+00  1.00000E+00  2.00000E-04  
  6.10800E+00 -1.30000E+01 -3.42930E+01 -2.30000E-02  1.30000E-02  1.06000E+00  
 -1.00000E+00 -1.00000E+00  1.00000E+00  1.00000E+00 -1.00000E+00  1.00000E+00  
 -1.00000E+00 -2.06910E+00  2.23800E+00  1.00000E+00  1.00000E+00 -1.00000E-02  
  1.00000E+00 -1.00000E+00 -1.00000E+00 -1.00000E+00  1.00000E+00  1.11900E+01  
 -1.26700E+01  7.10000E+01 -3.50000E+01 -5.00000E+00  8.80000E-03  1.00850E+00  
  1.31000E-01  4.20000E-02  3.30000E-02  7.60000E-02  9.10000E-02  6.00000E-02  
  5.46000E-01  2.10000E-02 -2.23000E-02  1.00000E+00 -1.01000E-01 -1.00000E+00  
  1.00000E+00  1.00000E+00 -1.00000E+00  1.00000E+00 -3.55400E+01  3.48500E+01  
 -3.85000E+01  5.68000E+01 -1.04000E+02 -1.00000E+00  1.00000E+00  1.69000E+00  
 -4.78000E+00 -1.40000E+01 -4.00000E+00 -8.00000E-01  6.20000E-02  5.00000E-02  
  2.70000E-02  4.30000E-02 -6.20000E-01 -3.80000E-01  8.80000E-01 -1.10000E-01  
  9.10000E-01  8.02000E+00 -1.54000E+01  1.68000E+01 -5.10000E-01  1.37000E-01  
  7.60000E-02  5.00000E-02  7.60000E-02 -6.25000E-01 -3.75000E-01  7.98000E-01  
 -1.20000E-01  1.00000E+00 -7.10000E-01 -1.30000E+01  2.00000E+00 -2.15000E-01  
 -1.00000E+00  1.00000E+00 -1.00000E+00  1.00000E+00 -1.31000E+00 -5.23000E+00  
 -1.00000E+00  1.00000E+00 -4.73000E+00 -5.40000E+00  5.21330E+00  1.00000E+00  
  2.72500E+00 -1.00000E+00 -3.50000E+00 -1.50000E+01  1.00000E+00  1.00000E+00  
 -1.00000E+00  1.00000E+00  4.12000E+00 -2.85000E+00  7.00000E+00  2.10000E+01  
  4.24900E-01 -1.00000E+00 -2.00000E-02 -2.00000E-02 -2.00000E-02  6.00000E-02  
  1.00000E+00  1.18760E+00  1.00000E+00  1.00000E+00 -1.00000E+00  1.21700E+00  
  1.90400E+00  2.50000E-01 -1.30000E-01 -2.00000E-01  2.00000E-01 -9.80000E-01  
  1.10000E-01 -2.20000E-02  1.00000E+00  5.00000E-01  1.00000E+00 -2.70000E-03  
 -1.00000E+00  1.00000E+00 -5.40000E-02  2.30000E-02  3.10000E-02  1.00000E+00  
 -1.00000E+00 -1.00000E+00  1.00000E+00 -1.00800E+01  4.88000E+00 -8.40000E+00  
  1.30000E+01 -2.72900E+00  2.35000E-02 -4.38200E-01 -5.39300E-01 -4.60000E-02  
  1.00000E+00 -1.00000E+00  1.11000E+00 -2.27710E+00  2.02500E+00  8.70000E-01  
  1.30000E-01  1.00000E+00  1.00000E+00 -1.00000E+00  1.00700E+00  5.91000E-01  
 -1.02680E+01  1.00000E+00  1.31060E+00 -1.00000E+00 -2.36000E-01 -7.64000E-01  
  1.00000E+00  3.21600E-01  4.67000E-01  1.00000E+00 -1.00000E+00 -1.47000E+00  
  2.50000E+00  3.15000E+00 -2.65000E+00  5.00000E+00  2.50000E+01  1.00000E+00  
  1.45500E+00  1.01000E+00  3.00000E-03  1.03000E-02  2.00000E-03  4.44000E-02  
  9.69999E-02  4.75000E-02  1.10100E-01  7.07000E-02  5.00000E-03  5.05000E-01  
  1.02000E-01 -1.70000E-02  1.45500E+00 -1.00000E+00  1.00000E+00  3.00000E-03  
 -1.60000E-01 -8.40000E-01  1.00000E+00  1.96000E+00 -7.00000E+00 -5.78000E+00  
  6.62000E+00 -7.00000E+00 -2.27000E-01 -7.73000E-01  1.00000E+00 -3.04300E+01  
  2.92600E+01 -6.70000E+01  5.09700E+00 -3.77000E+01 -1.00000E+00  1.00000E+00  
  1.02000E+01 -1.35000E+01  3.60800E+01 -3.00000E+01  1.31200E+01 -2.60000E+01  
  1.00000E+00 -4.90000E-01 -5.10000E-01  1.00000E+00 -2.00000E-03  7.57500E-01  
  2.52500E-01  2.52500E-01  2.40000E-03  2.60000E-03  1.03000E-02  6.11000E-02  
  6.42999E-02  2.28000E-02  2.28000E-02  1.02200E-01  1.18500E-01  4.93000E-02  
  5.43700E-01 -2.12000E-02  1.00630E+00  1.00400E+00  1.00000E+00 -1.00000E+00  
  1.00000E+00 -4.55100E+00  1.07020E+01 -1.50000E+00 -6.00000E+00 -2.72900E+00  
 -1.00000E+00  1.00000E+00  2.95000E-01  2.43000E+00 -9.20000E+00 -1.80000E+01  
 -3.48600E+00 -1.00000E+00  1.00000E+00 -1.00000E+00 -1.00000E+00  1.00000E+00  
  5.02000E+00 -6.50000E+00  2.19000E-01 -1.00000E+00  1.00000E+00  1.00000E+00  
  3.45000E+01 -7.66001E+01  3.30200E+01 -4.71000E-01  5.80000E-02  1.70000E-02  
  2.40000E-02  2.90000E-02 -1.00000E+00  8.61000E-01  2.70000E-02 -4.00000E-02  
  1.71200E+00  3.55000E-01 -7.10000E-02 -5.10000E-01 -4.24000E-01  1.00000E+00  
 -1.00000E+00  1.00000E+00 -7.39000E-01 -5.73200E+00  3.00000E+00 -5.00000E+00  
 -1.00000E+00  1.00000E+00 -1.41000E+00 -3.40000E-01 -9.00000E+00 -8.03000E-01  
 -3.00000E+00  3.10200E-01  4.92000E-01 -1.00000E+00  1.00000E+00 -1.00000E+00  
  1.00000E+00 -6.00000E+00  1.19500E+02  9.80000E+00 -4.50000E-01 -3.56000E+00  
 -2.60000E+00 -1.00000E+00  1.00000E+00 -1.38100E+01  1.73000E+01  7.02000E+00  
 -3.48000E+00  4.30000E+01 -1.00000E+00  1.00000E+00 -6.40000E-01 -3.60000E-01  
  1.00000E+00 -2.00000E-03  3.43500E-01  1.00000E+00  5.75000E-01  1.00000E+00  
 -1.00000E+00  1.50600E+00 -4.14600E+00  3.04000E-01  4.20000E-02  7.10000E-02  
 -1.00000E+00  6.21000E-01  1.53300E+00  1.00000E+00 -4.02600E+00  4.83200E+00  
 -4.21300E+00  2.42000E+00 -1.98000E-01 -1.33000E-01  1.33000E-01  1.33000E-01  
  1.08000E-01  2.80000E-02  4.00000E-02  1.20000E-01 -1.00000E+00  3.90000E-02  
  6.20000E-02  1.18800E+00  5.14000E-01 -1.42000E-01  9.90000E-02  9.80000E-02  
 -1.00000E+00  1.00000E+00 -5.00000E+00  1.10000E+01  1.00000E+00  1.00000E+00  
 -1.00000E+00  1.00000E+00 -8.50000E-01 -1.60000E+01  2.93400E+00 -1.00000E+00  
  1.00000E+00 -3.60600E+01  3.53500E+01 -1.85000E+01  5.68000E+01 -1.17000E+02  
 -2.23800E+00  1.00000E+00  1.00000E+00  2.57000E-01  5.56000E-01  1.87000E-01  
 -3.08000E-02  2.80000E+00  1.00000E+00  1.01000E+00 -1.00000E+00  1.00000E+00  
 -2.51500E+01 -1.84300E+01  1.65900E+00  2.55400E+00 -1.00000E+00  1.00000E+00  
  4.13800E+00  1.00000E+00  1.00000E+00 -1.00000E+00  1.00000E+00 -9.11000E+00  
  7.63000E+00 -1.00000E+01 -1.00000E+01 -5.00000E+00  1.12600E+00  5.05000E-01  
  5.05000E-01  3.10000E-03  9.50000E-03  1.30000E-03  4.90000E-02  1.18200E-01  
  2.83000E-02  1.18200E-01  1.10100E-01  5.00000E-03  3.04000E-01  2.55600E-01  
 -7.00000E-03 -1.60000E-02  1.12600E+00 -1.00000E+00  2.70000E-03  1.77700E+00  
 -7.14700E+00  8.08000E-01  2.19500E+00  1.34700E+00  1.00000E+00  7.20000E+00  
 -6.24000E-01  9.69999E-02 -1.00000E+00  1.00000E+00 -2.01470E+01  4.12440E+01  
 -5.00000E+00 -6.59000E-01 -3.00000E-03 -1.00000E+00  1.00000E+00  8.60000E-01  
 -2.34000E+00  1.00000E+00 -1.60000E+01 -5.00000E+00 -1.00000E+00  1.00000E+00  
  6.12000E+00 -1.70000E+01  1.50000E+01 -6.79000E+00  6.10000E-02  3.90000E-02  
  2.10000E-02  3.40000E-02 -6.25000E-01 -3.75000E-01  9.06000E-01 -1.10000E-01  
  9.10000E-01  7.99000E+00 -1.91000E+01  9.50000E+00 -5.08000E-01  1.00000E+00  
 -1.00000E+00  1.00000E+00 -3.53000E+00  6.60000E+01 -3.67000E+01  2.86000E+00  
 -1.00000E+00  1.00000E+00  1.88000E+00 -5.60900E+00 -1.00000E+00  2.00000E+00  
 -2.44300E+01 -5.30000E+01 -2.80000E+01  2.37600E+01 -1.00000E+00  1.06000E+00  
  1.57950E+00  2.74580E+00 -1.00000E+00  1.00000E+00  1.00000E+00  4.67000E-01  
 -1.00000E+00  4.67000E-01  1.06760E+01  1.40100E+00 -6.62700E+00  9.34000E-01  
  3.20000E-02  1.00000E+00  4.67000E-01  3.26900E+01  1.60000E-02  1.10000E+00  
  1.01000E+00  2.00000E-04  4.00000E-04  3.00000E-04  2.36000E-02  7.00000E-02  
  3.00000E-02  1.50000E-01  2.20000E-01  5.00000E-03  5.00000E-01 -1.70000E-02  
  1.10000E+00 -1.00000E+00  5.00000E-04 -1.00000E+00  1.00000E+00  7.32000E+00  
 -8.80000E+00  5.90000E+01 -3.45000E+01 -5.00000E+00  1.17950E+00  1.89580E+00  
  1.00000E+00  1.30000E-01  8.70000E-01  1.00000E+00  9.34000E-01 -1.00000E+00  
  3.20000E-02  1.00000E+00  1.60000E-02  4.67000E-01 -1.00000E+00  4.67000E-01  
  1.06560E+01  6.07100E+00 -6.60800E+00  2.14800E+00  3.20000E-02  1.00000E+00  
  4.67000E-01  3.26900E+01  1.60000E-02  9.34000E-01 -1.00000E+00  3.20000E-02  
  1.00000E+00  1.60000E-02 -1.00000E+00  1.00000E+00 -1.00800E+01  8.60000E+01  
 -3.77000E+01  9.41000E+00 -7.00000E-01 -3.00000E-01  1.00000E+00  1.00000E+00  
 -1.00000E+00  1.01000E+00  5.00000E-03  6.00000E-02  2.30000E-02  6.00000E-02  
  7.00000E-02  3.11000E-01  4.70000E-01 -2.60000E-02  1.00000E-03  1.00000E+00  
  1.00000E+00  6.00000E-02  1.01200E+00 -6.00000E-02 -1.00000E+00  1.00000E+00  
  3.08000E+00  5.00000E+00 -3.19000E+00 -1.00000E+00  1.00000E+00 -3.00000E+00  
  5.00000E+00 -1.00000E+00  1.00000E+00 -1.05000E+00  1.67000E+00 -5.00000E+00  
  1.50000E+01  1.00000E+00 -1.00000E+00  1.67000E+01  1.00000E+00  1.20000E+01  
  1.00000E+00  1.00000E+00 -1.00000E+00  5.91000E-01 -4.46000E+00  1.00000E+00  
 -1.00000E+00  1.00000E+00 -3.56000E+00  3.00000E+00 -7.36000E+00 -1.00000E+00  
  1.00000E+00  7.73600E-01  9.54000E-01  1.00000E+00 -4.50000E+00  1.03000E+01  
 -1.02000E+01 -4.02000E-01  1.00000E+00 -1.00000E+00  1.00000E+00 -2.60000E+00  
 -1.70000E+00 -1.50000E+00 -2.50000E-01 -4.15000E+00  2.16000E+00 -6.50000E-01  
 -3.50000E-01  2.60000E+00 -6.07000E+00  1.40000E+00 -3.27000E+00  1.00000E+00  
  1.68900E+00  2.68800E+00 -1.00000E+00  1.00000E+00  1.00000E+00  9.50000E-02  
  2.10000E-02  6.50000E-02 -1.00000E+00  1.39000E-01  1.71000E-01  2.78000E-01  
  1.02000E-01  6.00000E-02  6.89999E-02  1.00000E+00 -5.74000E-01  4.93000E-01  
  3.90000E+00 -1.53000E+00  1.08210E+00  2.13300E+00  1.00000E+00 -1.00000E+00  
  1.00000E+00  3.19600E-01  6.29200E-01  1.00000E+00 -1.00000E+00  1.41610E+00  
  2.11200E+00 -1.00000E+00  1.00000E+00 -1.00000E+00  3.10200E-01  4.92000E-01  
 -1.00000E+00  1.00000E+00  1.01000E+00  1.90000E-02  6.00000E-03  6.00000E-02  
  8.29999E-02  6.60000E-02  1.41000E-01  1.60000E-02  1.92000E-01  2.80000E-02  
  3.89000E-01 -2.34000E-02  1.22200E+00  1.70000E-01 -1.27000E+00  2.70000E-01  
  1.00000E+00  2.05000E+00 -4.31000E-01  5.26000E+01 -5.01000E+01  3.10200E-01  
  4.92000E-01 -1.00000E+00  1.00000E+00  6.51000E-01 -1.56250E+01  1.00000E+00  
  2.60000E-02 -5.44000E-01 -4.90000E-01 -7.00000E-02  1.00000E+00  1.00000E+00  
 -1.46000E-01  3.30000E-02  4.09900E-01  1.00000E+00  5.75000E-01  1.00000E+00  
 -1.00000E+00  5.51700E+00  1.54000E-01  1.00000E+00 -1.00000E+00  1.00000E+00  
  6.90000E+00 -1.00000E+00  1.00000E+00 -5.40000E-01 -3.29000E+00 -3.59000E+00  
  4.50000E+00  2.20000E+01 -1.40000E+01 -6.00000E+00  1.75310E+00  2.70800E+00  
 -1.00000E+00  1.00000E+00  1.05300E+00 -3.80000E+00 -1.40000E+00 -5.00000E-01  
 -6.36000E-01  2.16000E+00  1.00000E+00  7.86600E-01  9.54000E-01  1.00000E+00  
  5.48000E+00 -4.07000E+00  9.50000E+00 -4.30000E-01  1.00000E+00  9.50000E-02  
 -1.00000E+00  1.00000E+00  1.00000E+00  3.69700E+01  5.50000E+01 -8.78999E+01  
 -3.23000E-01  4.12400E-01  6.62000E-01  1.00000E+00 -1.00000E+00  1.30100E+00  
  2.03800E+00 -1.00000E+00  1.00000E+00 -1.00000E+00  6.30200E-01  1.27100E+00  
 -1.00000E+00  1.00000E+00 -1.00000E+00  4.71560E+00  2.42080E+00 -1.00000E+00  
 -1.00000E+00  1.00000E+00  1.00000E+00 -1.00000E+00  1.00000E+00  2.06000E+00  
 -2.77000E+00  3.50000E+00 -3.70000E+01  1.96000E-01 -1.00000E+00  1.00000E+00  
  1.82200E+01 -4.98000E-01 -6.37000E+01  2.81000E+01  2.73700E-01  3.35800E-01  
  1.00000E+00 -1.00000E+00  1.21690E+00  1.82500E+00 -1.00000E+00  1.00000E+00  
 -1.00000E+00  1.00000E+00 -1.00000E+00  1.16000E+00  1.53760E+00  2.57900E+00  
 -1.00000E+00  1.00000E+00  1.00000E+00  3.19700E-01  6.29000E-01  1.00000E+00  
 -1.00000E+00  2.75000E-01 -1.49000E-01 -2.73000E-01 -5.50000E-01  1.00000E+00  
  1.00000E+00  2.69100E-01  4.40000E-01 -1.00000E+00  1.00000E+00 -1.00000E+00  
  1.06000E+00  5.23300E-01  1.00000E+00  8.08000E-01  1.00000E+00 -1.00000E+00  
  6.18750E+00  2.19580E+00 -1.00000E+00 -1.00000E+00  1.00000E+00  1.00000E+00  
  1.00000E+00 -2.50000E-01 -1.50000E-01 -1.50000E-01 -4.00000E-01 -5.00000E-02  
 -2.50000E-02  1.00000E+00  3.98000E-01  7.17000E-01 -7.04000E-01 -2.96000E-01  
  6.00000E-02  2.90000E-01  4.22000E+00  1.00000E+00 -9.20000E-01  2.96000E+00  
 -2.66000E+00  1.00000E+00  1.20710E+00  1.88300E+00 -1.00000E+00  1.00000E+00  
  1.00000E+00 -1.00000E+00  1.75310E+00  2.70800E+00 -1.00000E+00  1.00000E+00  
  1.00000E+00  1.56040E+00  1.93330E+00  1.00000E+00  1.00000E+00  3.62400E-01  
  1.00000E+00  5.75000E-01  1.00000E+00 -1.00000E+00 -1.00000E+00  8.00000E-02  
  5.37000E-01  3.83000E-01  1.00000E+00 -2.70000E-02  4.91900E-01  1.00000E+00  
  8.08000E-01  1.00000E+00 -1.00000E+00 -1.00000E+00 -1.00000E+00  1.00000E+00  
 -1.00000E+00  1.53680E+00  1.00000E+00  2.42900E+00  1.00000E+00 -1.00000E+00  
 -8.00000E-01  6.00000E+00  8.58000E-01  1.00000E+00  1.64580E+00  1.00000E+00  
 -1.00000E+00 -3.43500E-01 -1.00000E+00 -5.75000E-01 -1.00000E+00  1.00000E+00  
  1.31720E+00 -1.00000E+00 -1.00000E+00  1.00000E+00 -1.00000E+00  1.00000E+00  
 -1.10000E+01  3.92000E+00 -4.56000E+00 -2.14000E+00  1.00000E+00  1.00000E+00  
 -1.00000E+00  1.08590E+00  1.00000E+00  5.75000E-01  1.00000E+00 -2.00000E-02  
 -4.00000E-02 -1.30000E-01 -8.10000E-01  1.00000E+00 -1.00000E+00  1.00000E+00  
  1.20000E+00 -6.60000E+00 -5.41000E+00  5.80000E-01 -7.00000E+00  1.00000E+00  
  1.00000E+00 -1.17100E+00  1.71000E-01  1.50000E-01  3.50000E-02  1.10000E-02  
  6.00000E-02  1.95000E-01  1.26000E-01  2.28000E-01  2.16000E-01 -1.00000E+00  
  1.22200E+00 -4.70000E-02  7.70000E-02  5.16800E-01  1.00000E+00  7.29000E-01  
  1.00000E+00 -1.00000E+00  5.00000E+00 -4.08000E+00  2.98700E-01  5.50000E-01  
  1.00000E+00 -1.00000E+00 -6.00000E-01  7.20000E+00  2.50000E+00  5.00000E-01  
 -2.19000E+00 -5.23000E+00  1.00000E+00  3.43500E-01  1.00000E+00  5.75000E-01  
  1.00000E+00 -1.00000E+00  3.80000E-01 -1.00000E+00  1.00000E+00  4.66500E+00  
 -8.96550E+01  2.38950E+02 -2.06900E+02 -5.79000E-01 -2.00000E-03 -1.00000E+00  
  1.00000E+00  2.50000E+00  2.73700E-01  3.36000E-01  1.00000E+00 -1.00000E+00  
  2.75000E-01  5.00000E-01 -1.00000E+00  1.00000E+00  1.00000E+00 -1.00000E+00  
  1.00000E+00  8.29999E-02 -1.00000E+00  1.00000E+00 -1.52010E+01 -5.34100E+01  
 -5.00000E+00 -5.63000E-01 -2.00000E-03  1.31060E+00 -1.00000E+00 -1.00000E+00  
  1.00000E+00  4.80400E-01  1.11700E+00 -1.00000E+00  1.00000E+00  1.00000E+00  
 -1.00000E+00  3.82490E+00  5.91700E-01 -1.00000E+00 -4.06000E+00  1.39000E+00  
 -9.00000E+00  1.20000E+01 -6.00000E+00  1.00000E+00  1.21820E+00  2.07500E+00  
  1.00000E+00  1.00000E+00  3.25400E-01  1.00000E+00  6.00000E-01  1.00000E+00  
 -1.00000E+00  4.91000E-01  1.00000E+00  7.54000E-01  1.00000E+00 -1.00000E+00  
  3.80230E+00  6.00000E-01 -1.00000E+00  1.00000E+00  3.25400E-01  1.00000E+00  
  6.00000E-01  1.00000E+00 -1.00000E+00 -1.00000E+00  1.00000E+00 -2.83000E+00  
  3.00000E+00 -8.50000E+00 -7.36000E+00  2.93190E+00 -1.00000E+00 -3.19000E+00  
  3.10000E+00 -6.00000E+00 -3.00000E+00  1.00000E+00  1.00000E+00 -1.00000E+00  
  2.93190E+00 -1.00000E+00 -1.20000E+00  8.10000E-01 -2.50000E+00  4.00000E+00  
  1.00000E+00  1.00000E+00  1.01340E+00 -1.00000E+00 -3.00000E+00 -1.50000E-01  
 -6.90000E-01 -3.10000E-01  6.00000E+00  1.00000E+00  1.17560E+00  1.00000E+00  
  1.00000E+00  2.03300E-01  4.29000E-01  1.00000E+00 -1.00000E+00  3.98000E-01  
  7.17000E-01 -1.00000E+00  1.00000E+00  2.03300E-01  4.29000E-01  1.00000E+00  
 -1.00000E+00  3.03000E-01  7.07000E-01  6.00000E-03  6.89999E-02  3.00000E-02  
  5.90000E-02  6.89999E-02  2.18000E-01  2.00000E-02  3.80000E-02  4.90000E-01  
 -2.60000E-02  1.00000E-03  1.00000E+00  1.00000E+00  6.89999E-02  1.01500E+00  
 -6.89999E-02  4.71600E-01  1.07100E+00 -1.00000E+00  1.00000E+00 -1.00000E+00  
  3.72100E-01  5.12000E-01 -1.00000E+00  1.00000E+00  4.90800E-01  1.00000E+00  
  9.50000E-01  1.00000E+00 -7.04000E-01 -2.96000E-01  6.00000E-02  2.90000E-01  
  4.22000E+00  1.00000E+00 -9.20000E-01  2.96000E+00 -2.66000E+00  3.12500E-01  
  4.67000E-01  1.00000E+00 -1.00000E+00  3.10200E-01  4.92000E-01 -1.00000E+00  
  1.00000E+00  2.53100E-01  4.58000E-01  1.00000E+00 -1.00000E+00  1.00000E+00  
 -1.00000E+00  1.00000E+00  1.76000E+00 -2.45000E+00  1.50000E+00 -8.00000E-01  
 -7.00000E+00  1.00000E+00 -1.00000E+00  2.10000E+00 -9.30000E-01  1.00000E+01  
  4.90800E-01  1.00000E+00  9.50000E-01  1.00000E+00 -1.00000E+00  1.74000E-02  
  1.01250E+00  1.67000E-01  6.00000E-02  4.50000E-02  1.00000E-01  9.00000E-02  
  1.16000E-01  4.04000E-01  1.80000E-02 -2.23000E-02  1.13000E+00  1.13000E+00  
 -4.00000E-02 -9.60000E-01  1.00000E+00  3.33500E-01  6.04000E-01 -1.00000E+00  
  1.25000E+00 -1.06000E+00  1.00000E+00  1.11290E+00  1.88300E+00 -1.00000E+00  
  1.00000E+00  1.00000E+00 -1.00000E+00  9.50000E-02  3.20000E-02  6.80000E-02  
 -1.00000E+00  1.26000E-01  1.55000E-01  4.05000E-01 -5.10000E-02  9.50000E-02  
  5.80000E-02  1.46700E+00 -1.26900E+00  1.20000E+00  3.20000E+00 -1.64000E-01  
 -1.28800E+00  3.07960E+00  1.30800E+00 -1.00000E+00  1.00000E+00  3.09630E+00  
  8.12000E-01 -1.00000E+00  1.00000E+00  2.03300E-01  4.29000E-01  1.00000E+00  
 -1.00000E+00  4.80400E-01  1.11700E+00 -1.00000E+00  1.00000E+00 -5.00000E+00  
  1.00000E+00 -6.70000E-01 -1.00000E+00  3.72100E-01  5.12000E-01 -1.00000E+00  
  1.00000E+00  4.07800E-01  8.58000E-01  1.00000E+00  1.00000E+00  2.50000E-02  
  9.75000E-01 -1.00000E+00  1.00000E+00  3.00000E+00  4.80400E-01  1.00000E+00  
  7.29000E-01  1.00000E+00 -1.00000E+00  5.20000E-01 -3.50000E-01 -5.00000E+00  
  1.71800E-01  4.04200E-01 -1.00000E+00  2.40000E-01 -5.00000E+00  1.50000E+01  
  1.00000E+00  2.93190E+00 -1.00000E+00  5.00000E-01  4.00000E+00  1.00000E+00  
 -9.16000E-01  1.00000E+00 -8.40000E-02 -3.50000E-01  3.80000E-01 -2.75000E+00  
  5.50000E+00  2.80000E-01 -2.60000E-01  5.90000E-01 -7.60000E-01 -1.00000E+00  
  1.00000E+00  1.83000E+00 -1.98000E+00  5.50000E+00  3.00000E+00  3.14800E-01  
  1.00000E+00  5.75000E-01  1.00000E+00 -1.00000E+00  1.00000E+00 -7.00000E-02  
 -2.40000E-01 -3.20000E-01 -3.00000E-01 -7.00000E-02  1.00000E+00 -1.38230E+00  
 -1.00000E+00  1.50000E-01  8.50000E-01  4.39850E+00  2.10420E+00 -1.00000E+00  
 -1.00000E+00  1.00000E+00  1.00000E+00  1.06700E+00  1.01000E+00  1.50000E-03  
  4.90000E-03  9.00000E-04  1.37000E-02  6.87000E-02  6.48600E-01  2.53000E-02  
  1.01000E-01  1.24300E-01  5.00000E-03 -1.70000E-02  1.06700E+00  4.10000E-03  
 -1.00000E+00  9.80000E-01  9.80000E-03 -2.88000E-01 -1.00730E+01 -8.33000E+00  
 -1.17600E+01 -2.67400E+00 -2.30000E-02  1.30000E-02 -1.13870E+00 -1.00000E+00  
  1.00000E+00  2.06710E+00  3.33800E+00  1.00000E+00  1.00000E+00  1.94000E-01  
 -1.00000E+00  1.00000E+00 -8.97000E-01  1.28200E+00 -7.81000E+00 -3.59000E-01  
  2.33000E-01  3.00000E-02  4.40000E-02 -7.50000E-01 -2.50000E-01  7.30000E-01  
  9.82000E-01  9.69999E-02  4.83200E+00 -1.00300E+01  5.80000E+00 -2.38000E-01  
 -1.20000E-01  9.80000E-02  9.80000E-02  1.01000E+00  1.50000E-03  3.80000E-03  
  1.14000E-02  4.03000E-02  1.15000E-01  6.80000E-02  1.15000E-01  1.36000E-01  
  4.70000E-02  4.62000E-01 -3.31000E-02  1.00000E+00 -1.00000E+00  1.00000E+00  
  2.40000E-01  1.18760E+00  1.00000E+00  1.00000E+00 -1.00000E+00 -1.01220E+00  
 -1.00000E+00  1.00000E+00  1.54010E+01  1.41400E+01  2.80000E-02  1.01000E-01  
  7.00000E-03  5.29000E-01  2.09300E+00  6.10000E-01  1.71900E+00  1.76000E+00  
  1.77700E+00  7.00000E-02  9.33000E-01  2.19500E+00  1.08800E+00  1.00000E+00  
  7.06200E+00 -6.41000E-01  4.20000E-02  2.75000E-02 -5.44400E-01 -5.57600E-01  
  1.00000E+00  7.45000E-02 -2.44500E+00 -7.45000E-02 -4.47000E-01  1.18760E+00  
  1.00000E+00  1.00000E+00 -1.00000E+00 -2.20000E-01 -7.80000E-01  2.00000E-01  
  8.00000E-01  1.48800E+00 -2.10000E-02 -1.00000E+00  1.00000E+00  9.43000E+00  
 -1.09100E+01 -3.20000E+01 -4.00000E+00 -5.00000E+00 -7.14000E-01 -2.86000E-01  
  1.00000E+00  4.80400E-01  1.11700E+00 -1.00000E+00  1.00000E+00  1.00000E+00  
  6.70000E-01 -1.00000E+00 -1.00000E+00  1.00000E+00  5.80000E-01 -1.75000E+00  
  1.00000E+00 -1.93000E+00 -1.46000E+01  1.00000E+00 -1.00000E+00  1.00000E+00  
 -1.50000E+00 -2.50000E-01  9.20000E+00 -8.03000E-01 -3.00000E-01  2.09800E-01  
  4.42000E-01  1.00000E+00 -1.00000E+00  2.24500E+00 -1.09090E+01  3.00000E+00  
 -5.00000E+00 -1.37900E+00  1.00000E+00 -1.00000E+00  1.00000E+00 -1.00000E+00  
  1.01480E+00 -1.00000E+00  1.00000E+00  3.07500E-01 -1.00000E+00 -2.00000E-02  
 -2.00000E-02 -2.00000E-02  6.00000E-02  1.00000E+00  3.05900E-01 -1.00000E+00  
 -2.00000E-02 -2.00000E-02 -2.00000E-02 -2.00000E-02  6.00000E-02  1.00000E+00  
  9.88600E-01 -1.00000E+00  1.00000E-01  9.00000E-01  4.03300E-01 -1.00000E+00  
  1.00000E-01  9.00000E-01  1.11000E-02  1.01150E+00  3.70000E-02  1.51000E-01  
  5.30000E-02  8.80000E-02  8.00000E-02  1.04000E-01  4.67000E-01  2.00000E-02  
 -2.17000E-02  1.02000E+00  1.02000E+00  1.04000E-02 -4.40000E-01 -6.50000E-01  
  9.00000E-02  1.00000E+00  6.70000E-03  3.70000E-01 -1.00000E+00  4.80000E-01  
  2.50000E+00  1.00000E+00  3.60000E-02 -1.00000E+00  7.70000E-02  1.93000E-01  
  3.28000E-01  8.00000E-03  1.00000E-03 -6.00000E-03  2.76000E-01  1.17000E-01  
  2.88000E+00 -3.10000E+00  6.35000E+00  1.10000E+00 -1.00000E+00  1.00000E+00  
  1.00000E+00 -1.00000E+00  4.90000E-02 -1.94000E-01 -1.50000E-01 -7.04000E-01  
  9.65000E-01  9.34000E-01 -1.00000E+00  3.20000E-02  1.00000E+00  1.60000E-02  
 -1.00000E+00  1.00000E+00 -1.00000E+00 -5.00000E-01 -5.00000E-01  1.00000E+00  
 -1.00000E+00  2.18000E-02 -1.00000E+00 -4.09000E-02  9.80000E-01  1.00500E+00  
 -1.57000E+00  1.40000E-01 -3.19000E+00 -1.47000E+00  9.60000E-02  1.00000E+00  
 -1.34900E+01  3.97000E+00 -1.44200E+01 -5.63000E-01 -1.00000E+00 -6.00000E-02  
 -1.30000E-01 -8.10000E-01  1.00000E+00  1.84410E+00  2.70800E+00 -1.00000E+00  
  1.00000E+00  4.10700E+00  1.00000E+00  5.11000E-01  7.07000E-01  3.03000E-01  
  3.00000E-03  9.00000E-03  3.00000E-02  1.02000E-01  2.30000E-02  4.50000E-02  
  1.29000E-01  6.30000E-02  4.10000E-02  1.70000E-02  2.50000E-02 -2.60000E-02  
  2.00000E-03  1.00000E+00  1.00000E+00  9.83000E-01  2.13000E-01  3.40000E-02  
  4.15000E-02  1.00000E-02 -1.00000E+00  3.70000E-02  4.00000E-03  7.92500E-01  
  9.91500E-01  3.70000E+00  7.77300E+00 -1.05270E+01 -2.87000E-01 -1.00000E+00  
  9.70000E-01 -3.01000E+00  1.84000E+00 -3.39500E+01 -1.00000E+00  3.40000E-02  
  2.50000E-02  8.80000E-01  9.49000E-02  1.03000E-01  1.53000E-01  1.00000E-02  
 -6.67000E-01 -3.33000E-01  4.00000E-02 -9.55999E-02  1.18200E+00  6.94000E-01  
 -1.90000E-01 -1.00000E+00  1.00000E+00 -1.00000E+00  1.00000E+00 -1.60000E+00  
 -4.90000E+00 -3.33000E+00 -3.00000E+00 -1.22000E+00 -1.85000E+01  1.00000E+00  
 -8.65000E-01 -2.70000E-02  3.86000E-01  3.86000E-01  2.00000E+00 -1.00000E+00  
  2.16000E-01 -1.20000E-02  3.64000E-01  3.64000E-01  1.82000E+00 -1.00000E+00  
  1.00000E+00  2.24400E+00 -2.83950E+01 -8.30000E+00 -6.50000E+00  2.98700E+00  
  1.00000E+00 -1.00000E+00  1.00000E+00 -6.10000E+00  1.90000E+01 -1.00000E+00  
  2.00000E-01 -3.95900E+00 -1.00000E+01 -1.00000E+00  1.00000E+00 -5.30000E+00  
  1.44000E+01 -8.30000E+00  3.00000E-01 -3.43000E+00 -1.00000E+01 -1.00000E+00  
  1.00000E+00 -8.90000E+00 -6.00000E-01 -7.80000E+00  1.60000E+00 -3.43000E+00  
 -1.00000E+01 -1.00000E+00  1.00000E+00  1.00000E-01  1.94000E+01 -8.70000E+00  
 -1.80000E+00 -4.41000E+00 -5.00000E+00 -7.20000E-01  1.55000E+00 -2.47000E+00  
  1.65000E+00 -3.80000E-01 -6.30000E-01  1.00000E+00  1.01000E+00  1.40000E-02  
  6.00000E-03  4.90000E-02  8.10000E-02  4.40000E-02  9.10000E-02  1.00000E-02  
  1.36000E-01  2.40000E-02  5.45000E-01 -2.02000E-02  1.00000E+00  1.14790E+00  
  1.00000E+00  4.60000E-02  9.54000E-01 -1.00000E+00  1.00000E+00 -7.60000E-01  
 -4.10000E-01  6.00000E+00 -6.43000E-01 -3.50000E+01  5.38800E-01  9.54000E-01  
  1.00000E+00 -1.60000E+01 -4.46000E+00  3.65000E+00 -1.03000E+00 -7.00000E+00  
  1.00000E+00  1.00000E+00  5.39000E-01  7.07000E-01  3.03000E-01  2.00000E-03  
  1.10000E-02  5.70000E-02  6.20000E-02  2.30000E-02  7.10000E-02  8.20000E-02  
  7.00000E-02  4.10000E-02  1.60000E-02  2.40000E-02 -2.40000E-02  2.00000E-03  
  1.00000E+00  1.00000E+00  1.02000E+00 -1.00000E+00  1.00000E+00  4.44000E+00  
 -2.90000E+01  1.15000E+01 -5.11000E+00 -1.00000E+00  1.00000E+00 -9.08000E+00  
  7.91000E+00  4.30000E+01 -2.54900E+00 -1.80000E+01 -1.00000E+00  6.10000E-02  
  2.73000E-01  4.56000E-01 -7.00000E-02 -9.40000E-02  1.93000E-01  1.17000E-01  
  1.03600E+00 -4.53000E-01  3.16000E-01  5.00000E+00 -2.23000E-01  1.76000E+00  
  1.00000E+00 -1.02000E+00  1.00000E+00  1.55000E-02 -1.67700E+00 -4.00000E-01  
  2.93400E+00 -2.30000E-02  1.30000E-02 -1.00000E+00  1.00000E+00  1.00000E+00  
  1.19300E+01 -1.44600E+01  2.10000E+01 -1.75000E-01 -2.50000E+01  1.70000E+01  
  1.00000E+00 -1.00000E+00  1.00000E+00 -6.77000E+00  1.37690E+01 -2.20000E+00  
 -2.72900E+00 -1.00000E+00  9.80000E-01  1.90000E-01 -1.00000E+00  1.00000E+00  
  2.39000E+00  5.25000E+01 -3.75000E+01 -3.52000E-01 -1.00000E+00  1.00000E+00  
 -1.41680E+01  1.28960E+01  1.50000E+01  4.05000E+01 -2.72900E+00 -1.00000E+00  
  1.00000E+00 -9.30000E+00  2.46000E+01  1.05000E+01  1.75000E+00 -1.24000E+00  
  9.00000E+01  2.01000E-01  1.00000E+00  1.00000E+00  1.06600E+00 -4.17000E+00  
  4.86000E+00 -3.73000E-01 -1.00000E+00  1.00000E+00 -2.00000E+00 -1.30000E+00  
 -7.42000E+00 -1.00000E+00  1.00000E+00  7.00000E-01 -2.72000E+01 -2.00000E+00  
 -1.30000E+00 -7.42000E+00 -1.00000E+00  1.00000E+00 -7.10000E-01 -1.50000E+01  
 -1.00000E+01  1.01000E+00  1.80000E-03  4.40000E-03  1.22000E-02  4.26000E-02  
  8.90000E-02  5.80000E-02  9.30000E-02  1.17000E-01  3.70000E-02  5.45000E-01  
 -2.82000E-02  1.00000E+00 -1.00000E+00  1.00000E+00  2.08000E-01  1.01000E+00  
  1.30000E-03  2.80000E-03  1.25000E-02  4.04000E-02  1.05000E-01  6.40000E-02  
  1.01000E-01  8.20000E-02  8.10000E-02  5.10000E-01 -3.08000E-02  1.00000E+00  
 -1.00000E+00  1.00000E+00  2.08000E-01 -9.00000E-01  1.00000E+00 -1.00000E-01  
 -1.00000E+00  1.00000E+00  3.74000E+00 -9.00000E+00 -5.90700E+01  5.60000E-01  
 -1.00000E+00  4.68000E-01  5.32000E-01 -2.70000E-02  1.00000E+00  1.33540E+00  
 -1.00000E+00 -1.00000E+00  1.00000E+00 -1.00000E+00  9.80000E-01  1.00000E+00  
 -1.00000E+00 -1.82000E+00  2.76000E+00 -5.00000E+00  8.00000E+00  1.30000E-01  
 -4.00000E-01  1.00000E+00 -7.30000E-01 -1.00000E+00  1.00000E+00  3.15000E-01  
 -1.00000E+00  1.00000E+00  1.42900E+00 -2.44900E+01 -5.00000E+00 -4.80000E-01  
  3.53000E-01 -1.00000E+00  1.00000E+00  1.00000E+00  9.60000E-01 -9.92000E+01  
  1.32080E+02 -1.28000E+02 -5.38000E-01 -2.22000E-01  2.54000E-01 -1.00000E+00  
  1.00000E+00 -1.09570E+01  7.84309E+01 -4.68800E+01  3.46000E+01 -3.87000E-01  
  3.24000E-01 -1.00000E+00  1.00000E+00  5.29400E+00 -6.91179E+01  4.41980E+01  
 -2.64700E+01 -4.94000E-01 -3.00000E-03  1.03900E+00 -1.24000E-01 -7.09000E-01  
  1.00000E+00  1.24000E-01 -1.67000E-01 -3.10000E-02  6.62000E-01 -1.22000E-01  
 -4.72000E-01  1.00000E+00  1.22000E-01 -4.06000E-01 -3.80000E-02  2.29000E-01  
 -1.00000E+00  1.00000E+00  1.00000E+00 -3.20000E+00 -9.92000E+01  1.32080E+02  
 -1.28000E+02 -3.94000E-01 -2.22000E-01  1.50000E-01  3.50000E-02  5.50000E-02  
  1.42000E-01 -1.00000E+00  5.10000E-02  1.35900E+00  4.91000E-01 -1.71000E-01  
  1.13000E-01  1.13000E-01  2.18000E-02 -1.00000E+00 -4.09000E-02  9.87000E-01  
  1.00000E+00 -2.86000E-01 -1.14000E+00 -3.13000E+00 -9.87000E-01  1.16000E+00  
 -1.00000E+00 -1.00000E+00  1.00000E+00 -9.40000E-01  1.00000E+00  1.10000E+00  
  1.01000E+00  2.40000E-03  9.00000E-03  1.90000E-03  2.59000E-02  1.19200E-01  
  2.84300E-01  3.54000E-02  1.27300E-01  1.33300E-01  5.00000E-03  1.98000E-02  
  1.32700E-01  9.55999E-02  2.48100E-01 -2.37000E-02  1.10000E+00 -1.00000E+00  
  6.20000E-03 -1.00000E+00  1.19000E+00  2.28000E-01 -1.00000E+00  1.00000E+00  
 -6.38000E+00 -5.79000E-01 -9.13999E+01  2.25900E+02  1.83000E-01  1.00000E+00  
  1.00000E+00 -2.80000E-01 -4.63000E-01 -6.48000E+01  2.46000E+01 -1.00000E+00  
  1.00000E+00 -1.00000E+00  1.11000E+00  1.00000E+00 -1.00000E+00  8.08000E-01  
  2.02000E-01  2.02000E-01  1.20000E-03  1.00000E-03  3.20000E-03  4.04000E-02  
  5.14000E-02  2.10000E-02  2.10000E-02  1.30400E-01  2.36800E-01  3.78000E-02  
  4.55800E-01 -2.54000E-02  9.83400E-01  9.96800E-01  1.00000E+00 -1.00000E+00  
  1.00000E+00  1.34100E+01 -1.35000E+01 -3.05200E+01  5.68000E+01  1.48800E+01  
 -5.20000E-01 -4.80000E-01  1.00000E+00 -1.00000E+00 -2.50000E-01 -7.50000E-01  
  1.00000E+00 -1.00000E+00 -1.00000E+00  1.00000E+00 -2.19800E+01  2.08400E+01  
 -2.86000E+01  5.80000E-01 -4.70000E+01 -1.00000E+00  1.00000E+00 -1.46000E+00  
  1.20000E+00  1.33200E+01 -2.94000E+00 -5.00000E+00  1.01000E+00  2.50000E-03  
  2.50000E-03  1.00000E-02  6.50000E-02  8.20000E-02  2.60000E-02  2.60000E-02  
  1.27000E-01  1.41000E-01  5.40000E-02  4.64000E-01 -2.47000E-02  1.01800E+00  
  9.73000E-01  1.00000E+00  1.01000E+00  3.00000E-03  1.10000E-02  1.40000E-01  
  9.50000E-02  1.40000E-01  1.30000E-01  1.66000E-01  3.11000E-01 -5.40000E-02  
  1.00000E-03  1.00000E+00  1.01200E+00 -1.00000E+00  1.00000E+00 -1.17000E+00  
 -1.00000E+00  1.34300E+01 -2.94000E+00 -7.00000E+00 -8.80000E-01 -1.20000E-01  
  1.00000E+00 -1.44800E+01  1.33400E+01 -2.37000E+01 -3.17000E+00 -1.70000E+01  
  1.45500E+00  1.01000E+00  3.00000E-03  1.03000E-02  2.00000E-03  4.44000E-02  
  9.69999E-02  4.75000E-02  1.10100E-01  7.07000E-02  5.00000E-03  2.17000E-01  
  5.80000E-03  2.51800E-01  1.32400E-01  2.88000E-01 -2.70000E-02  1.45500E+00  
 -1.00000E+00  1.00000E+00  3.00000E-03 -1.00000E+00  1.00000E+00 -1.93400E+01  
  1.86300E+01 -1.74000E+01 -3.61000E+00 -3.70000E+01 -1.00000E+00  5.00000E-01  
  5.98000E-01 -9.80000E-02 -1.54000E-02  1.00500E+00  1.01000E+00  8.00000E-03  
  1.00000E-01  9.00000E-02  4.70000E-02  1.61000E-01  9.00000E-02  4.00000E-02  
  4.63000E-01 -2.50000E-02  1.00000E-03  1.00000E+00  1.00000E-01  9.69000E-01  
 -1.00000E-01 -1.00000E+00  4.79000E-01  6.18000E-01 -9.69999E-02 -1.54000E-02  
  1.00000E+00 -1.00000E+00  1.00000E+00  1.73000E+00 -2.44000E+00  1.30000E+00  
 -8.00000E-01  2.00000E+00 -1.00000E+00  1.00000E+00  2.40000E-01 -9.50000E-01  
  3.00000E+00 -8.00000E-01 -1.00000E+01 -1.00000E+00  1.00000E+00  2.96000E+00  
 -3.65000E+00 -1.37000E+01 -8.00000E-01  3.00000E+00 -1.00000E+00  6.53000E-01  
  3.47000E-01 -1.54000E-02  1.05200E+00 -1.00000E+00  1.00000E+00 -1.11900E+01  
 -5.80000E+00 -4.25000E+00 -3.48000E+00  4.00000E+01 -1.00000E+00  1.00000E+00  
 -4.02000E+00  3.31000E+00 -1.61000E+01 -8.00000E-01  5.00000E+01  1.01000E+00  
  3.50000E-03  5.00000E-04  7.00000E-03  6.70000E-02  1.07000E-01  3.20000E-02  
  3.30000E-02  1.70000E-01  1.58000E-01  5.70000E-02  3.65000E-01 -2.47000E-02  
  1.05200E+00  9.50000E-01  1.00000E+00 -1.00000E+00  1.00000E+00  1.01900E+01  
 -1.13300E+01  1.89000E+01 -8.00000E-02 -2.00000E+00 -1.00000E+00  1.00000E+00  
  3.01000E+00 -3.72000E+00  1.85000E+01 -8.00000E-01 -1.70000E+01  4.80400E-01  
  9.00000E-01  7.29000E-01  1.00000E+00 -3.20000E-01 -1.50000E-01 -5.30000E-01  
  1.00000E-01 -7.50000E-01  6.50000E-01 -2.90000E-01 -1.10000E-01 -4.90000E+00  
  1.00000E+00  1.14000E-01 -1.00000E+00  1.00000E+00 -2.25860E+01  1.87752E+02  
  9.50000E+01 -7.72000E-01 -2.00000E-03 -7.50000E-03 -4.00000E-02 -4.75000E-02  
 -9.05000E-01  1.00000E+00 -5.88000E+00  1.45000E+01  3.44000E-01 -2.00000E-01  
  2.00000E-01  6.00000E-01  1.00000E+00  9.80000E-02 -1.00000E+00  1.00000E+00  
  9.33000E+00 -6.64000E-01 -6.37000E+01  2.81000E+01 -1.00000E+00  4.54000E-01  
  7.32000E-01 -1.86000E-01 -1.54000E-02  1.04400E+00  5.04000E-02  1.70000E-02  
  1.30000E-02  3.60000E-02 -1.00000E+00  8.70000E-02  1.90000E-01  2.08000E-01  
  3.23000E-01  4.63000E-02  1.11000E+00 -1.00000E+00  1.00000E+00  1.01000E+00  
  1.60000E-03  2.20000E-03  1.10000E-02  6.42000E-02  8.10000E-02  2.00000E-02  
  2.50000E-02  1.12000E-01  1.27000E-01  4.60000E-02  5.10000E-01 -2.12000E-02  
  9.99000E-01  1.00000E+00  1.00000E+00 -2.27000E-01 -7.73000E-01  1.00000E+00  
 -3.13000E+01  3.05900E+01 -1.77000E+01 -8.30000E+01 -8.00000E-01 -2.00000E-01  
  1.00000E+00  1.62000E-02 -1.95100E+00  4.50000E-01  2.89200E+01 -2.30000E-02  
  1.30000E-02 -1.96000E-01 -2.85000E-01 -3.77000E-01 -6.00000E-02 -8.20000E-02  
  1.00000E+00 -1.00000E+00  1.08000E+00  1.25270E+00  2.07500E+00  1.00000E+00  
  1.00000E+00  3.47000E-01  3.77000E-01  1.00000E+00 -1.61400E+01  2.73100E+01  
 -5.00000E+00 -6.18000E-01  1.00000E+00  1.00000E+00 -1.00000E+00  1.00000E+00  
  1.00000E+00 -1.49000E+01  1.34000E+01 -2.33000E+01 -4.41000E+00 -2.50000E+01  
 -2.20000E+01 -3.00000E-01 -7.00000E-01  1.00000E+00 -7.00000E-01 -3.00000E-01  
  1.00000E+00  9.31000E-02  1.01000E-01  1.52000E-01  1.00000E-02 -1.00000E+00  
  4.00000E-02 -1.01000E-01  1.15700E+00  1.00000E+00  6.97000E-01 -1.90000E-01  
  8.29000E-02  7.39999E-02  1.12000E-01  1.00000E-02 -1.00000E+00  4.00000E-02  
 -9.55999E-02  9.09000E-01  1.00000E+00  7.64000E-01 -1.90000E-01  1.00000E+00  
 -1.00000E+00  1.00000E+00 -1.00000E+00  7.07000E-02  6.40000E-02  9.40000E-02  
  1.00000E-02 -6.67000E-01 -3.33000E-01  4.00000E-02 -9.55999E-02  8.08000E-01  
  6.67000E-01  7.90000E-01 -1.90000E-01 -4.40000E-01 -5.60000E-01  1.00000E+00  
  1.00000E+00  1.00000E+00  3.10200E-01  4.92000E-01 -5.48000E-01 -4.52000E-01  
 -1.00000E+00 -1.00000E+00  1.00000E+00 -2.70000E+00  3.00000E-01 -3.01000E+00  
  4.00000E+00 -4.00000E+00  1.00000E+00 -1.00000E+00  1.00000E+00  5.00000E+00  
 -1.00000E+00  1.00000E+00  1.05800E+01 -8.50000E+00 -2.14800E+01  5.68000E+01  
 -7.00000E+00 -1.00000E+02 -1.00000E+00  7.00000E-02  4.59000E-01  4.71000E-01  
  1.00000E+00 -2.70000E-02  8.68700E-01  1.00000E+00  1.50000E-01  2.55000E-01  
  5.45000E-01  1.00000E+00 -1.00000E+00  1.00000E+00 -1.50000E+01 -1.80000E+00  
  9.90000E-01 -2.14000E+00 -2.00000E+00 -1.00000E+00  1.00000E+00 -3.50000E+00  
 -1.65000E+00  8.40000E-01 -2.14000E+00 -1.00000E+01 -1.00000E+00  1.00000E+00  
 -1.40000E+01 -4.13000E+00  3.32000E+00 -2.14000E+00  1.00000E+01 -1.00000E+00  
  1.00000E+00  4.00000E+00 -6.00000E-01 -4.00000E-02 -2.14000E+00  1.00000E+00  
 -1.00000E+00  1.00000E+00 -1.10000E+01 -6.00000E-01 -4.00000E-02 -2.14000E+00  
  1.00000E+00 -1.00000E+00  1.00000E+00 -2.20000E+01 -5.87000E+00  5.06000E+00  
 -2.14000E+00  1.70000E+01 -5.00000E-02 -3.30000E-01 -6.20000E-01  1.00000E+00  
  9.10300E-01  1.25800E+00 -1.00000E+00  2.66700E+00  1.00000E+00 -1.00000E+00  
  5.00000E+00  1.96000E+00 -1.84000E+00  1.10000E+01  1.00000E+00 -1.00000E+00  
  1.40000E+00 -3.00000E-01  2.00000E-01 -2.50000E-01 -5.00000E-02  1.08210E+00  
  2.13300E+00  1.00000E+00 -1.00000E+00  1.00000E+00  3.19700E-01  6.29000E-01  
  1.00000E+00 -1.00000E+00  2.69100E-01  4.40000E-01 -1.00000E+00  1.00000E+00  
  2.90900E-01  1.00000E+00  5.75000E-01  1.00000E+00 -1.00000E+00 -2.28100E+00  
  1.50000E-01  1.00000E+00  3.14800E-01  5.00000E-01  5.00000E-01  5.75000E-01  
  1.00000E+00 -1.00000E+00  1.30000E+01  1.01000E+00  4.00000E-03  1.00000E-02  
  1.80000E-02  1.45000E-01  4.40000E-02  1.51000E-01  9.00000E-02  3.50000E-02  
  5.00000E-01 -2.60000E-02  3.00000E-03  1.00000E+00  1.00000E+00  9.69000E-01  
 -1.00000E+00  1.00000E+00  1.74500E+00 -1.00000E+00  4.64000E-01  6.91000E-01  
 -1.55000E-01 -1.54000E-02  1.00000E+00 -3.70000E-02 -8.00000E-03 -1.00000E+00  
  7.70000E-01  2.75000E-01 -1.54000E-02  1.24600E+00 -1.42540E+00 -1.00000E+00  
  1.00000E+00  4.40000E-02 -1.00000E+00  1.00000E+00  1.00000E+00  3.10600E+01  
  5.50000E+01 -8.78999E+01 -6.45000E-01  1.01090E+00 -1.00000E+00  1.00000E+00  
  3.96900E-01 -1.00000E+00  1.00000E+00  5.34000E-02 -1.00000E+00  2.55000E-01  
  5.80000E-02  2.40000E-01  8.20000E-02  6.50000E-02  7.60000E-02  1.54000E-01  
  1.17000E+00  1.00000E+00 -4.60000E-02 -6.22000E-01 -2.88000E-01 -8.00000E-02  
  1.00000E+00 -1.00000E+00  1.00000E+00  5.85000E-02  3.40000E-02  4.15000E-02  
  1.00000E-02 -1.00000E+00  3.55000E-01  4.37500E-01  2.55000E-02  4.00000E-03  
  9.91500E-01  1.00000E+00 -1.80000E-02 -1.00000E+00  5.50000E-02  3.59000E-01  
 -4.60000E-02  2.22000E-01  3.64000E-01  3.83000E+00 -4.26000E+00 -1.27000E+01  
 -2.34000E-01 -4.11000E+00 -1.00000E+00  1.00000E+00  8.30000E-01 -7.50000E+00  
 -7.32000E+00 -2.94000E+00  3.70000E-01  1.01000E+00  1.00000E-03  4.00000E-03  
  4.40000E-02  9.30000E-02  2.70000E-02  3.00000E-02  1.41000E-01  1.93000E-01  
  6.89999E-02  3.98000E-01 -2.64000E-02  1.02400E+00  9.92000E-01  1.00000E+00  
  1.01000E+00  1.70000E-02  7.00000E-03  5.90000E-02  9.80000E-02  5.10000E-02  
  1.05000E-01  1.20000E-02  1.49000E-01  2.40000E-02  4.78000E-01 -2.15000E-02  
  1.04300E+00  1.00000E-01 -1.60000E+00  5.00000E-01  1.00000E+00  1.00000E+00  
 -1.00000E+00 -1.00000E+00  1.00000E+00 -3.69700E+00  1.07780E+01  1.30000E+00  
 -9.00000E+00 -2.79500E+00  1.00100E-01 -1.00000E+00  2.00000E-02  4.46000E-01  
  1.53000E-01 -7.39999E-02  3.81000E-01  8.01000E-01  2.40000E-01 -1.53000E-01  
  7.32000E+00 -4.00000E+00 -2.24000E+00  5.65600E-01  8.08000E-01  1.00000E+00  
 -1.00000E+00  1.00000E+00  4.62200E-01  7.25000E-01  1.00000E+00 -1.00000E+00  
  1.00000E+00  1.00000E+00                                                      
