    0.0000000000E+00    0.0000000000E+00
    0.1312500000E+00    0.0000000000E+00
    0.2250000000E+00    0.0000000000E+00
    0.2812500000E+00    0.0000000000E+00
    0.3000000000E+00    0.0000000000E+00
    0.2812500000E+00    0.0000000000E+00
    0.2250000000E+00    0.0000000000E+00
    0.1312500000E+00    0.0000000000E+00
    0.0000000000E+00    0.0000000000E+00
    0.0000000000E+00    0.0000000000E+00
    0.0000000000E+00    0.0000000000E+00
    0.0000000000E+00    0.0000000000E+00
    0.0000000000E+00    0.0000000000E+00
    0.0000000000E+00    0.0000000000E+00
    0.0000000000E+00    0.0000000000E+00
    0.0000000000E+00    0.0000000000E+00
    0.0000000000E+00    0.0000000000E+00
    0.0000000000E+00    0.0000000000E+00
    0.0000000000E+00    0.0000000000E+00
    0.0000000000E+00    0.0000000000E+00
    0.0000000000E+00    0.0000000000E+00
    0.0000000000E+00    0.0000000000E+00
    0.0000000000E+00    0.0000000000E+00
    0.0000000000E+00    0.0000000000E+00
    0.0000000000E+00    0.0000000000E+00
    0.0000000000E+00    0.0000000000E+00
    0.0000000000E+00    0.0000000000E+00
    0.0000000000E+00    0.0000000000E+00
    0.0000000000E+00    0.0000000000E+00
    0.0000000000E+00    0.0000000000E+00
    0.0000000000E+00    0.0000000000E+00
    0.0000000000E+00    0.0000000000E+00
    0.0000000000E+00    0.0000000000E+00
    0.0000000000E+00    0.0000000000E+00
    0.0000000000E+00    0.0000000000E+00
    0.0000000000E+00    0.0000000000E+00
    0.0000000000E+00    0.0000000000E+00
    0.0000000000E+00    0.0000000000E+00
    0.0000000000E+00    0.0000000000E+00
    0.0000000000E+00    0.0000000000E+00
    0.0000000000E+00    0.0000000000E+00
    0.0000000000E+00    0.0000000000E+00
    0.1294722171E+00    0.2196325716E-02
    0.2220249790E+00    0.7805607443E-02
    0.2782018454E+00    0.1369309985E-01
    0.2970403992E+00    0.1923883296E-01
    0.2763161845E+00    0.2781462474E-01
    0.2203373024E+00    0.2977914092E-01
    0.1291972969E+00    0.3639472609E-01
    0.3450566873E-01    0.2609702260E-01
    0.3266205916E-02   -0.8538661192E-02
   -0.7896468459E-03   -0.1874999621E-01
   -0.1124042303E-02   -0.1452785744E-01
   -0.2431899171E-03   -0.1444480848E-01
   -0.3309305116E-03   -0.1360200625E-01
   -0.5657349832E-03   -0.1275584253E-01
   -0.5601009304E-03   -0.1188945085E-01
   -0.4645751764E-03   -0.1110066371E-01
   -0.3983232175E-03   -0.1029061638E-01
   -0.3509958545E-03   -0.9626934285E-02
   -0.3170517528E-03   -0.9013422538E-02
   -0.2938108995E-03   -0.8455651961E-02
   -0.2737534957E-03   -0.7927169339E-02
   -0.2608184918E-03   -0.7429768336E-02
   -0.2520832955E-03   -0.6945895749E-02
   -0.2490816579E-03   -0.6472152450E-02
   -0.2486232929E-03   -0.5999284995E-02
   -0.2515374138E-03   -0.5522622818E-02
   -0.2558314974E-03   -0.5038075687E-02
   -0.2611028165E-03   -0.4543367644E-02
   -0.2664374691E-03   -0.4037854592E-02
   -0.2699229484E-03   -0.3523754901E-02
   -0.2718129290E-03   -0.3003155253E-02
   -0.2683334207E-03   -0.2485509909E-02
   -0.2606583739E-03   -0.1975130439E-02
   -0.2437268467E-03   -0.1490674854E-02
   -0.2205115546E-03   -0.1038244112E-02
   -0.1845324459E-03   -0.6513751240E-03
   -0.1393679033E-03   -0.3312305835E-03
   -0.8228331566E-04   -0.1150104122E-03
   -0.1367539185E-04   -0.1367539185E-04
    0.0000000000E+00    0.0000000000E+00
    0.0000000000E+00    0.0000000000E+00
    0.1230258498E+00    0.4043732128E-02
    0.2134975919E+00    0.1359485762E-01
    0.2690959799E+00    0.2524925281E-01
    0.2881679141E+00    0.3609289906E-01
    0.2704893388E+00    0.4711422744E-01
    0.2164234122E+00    0.5151199586E-01
    0.1426639307E+00    0.4861590549E-01
    0.6728365572E-01    0.3335131867E-01
    0.1955556584E-01    0.4134044642E-02
    0.4922637100E-02   -0.1199556162E-01
    0.1121138586E-02   -0.1443074378E-01
   -0.3842885215E-04   -0.1764456490E-01
   -0.6734644866E-03   -0.1940429131E-01
   -0.1222397058E-02   -0.1936623076E-01
   -0.1345232809E-02   -0.1866675603E-01
   -0.1296827133E-02   -0.1788562846E-01
   -0.1184989391E-02   -0.1703741069E-01
   -0.1109656596E-02   -0.1619533239E-01
   -0.1031109489E-02   -0.1537870177E-01
   -0.9809700703E-03   -0.1456308888E-01
   -0.9337097772E-03   -0.1376835305E-01
   -0.9087666202E-03   -0.1298025284E-01
   -0.8914157015E-03   -0.1220074741E-01
   -0.8911042074E-03   -0.1141306699E-01
   -0.8972704817E-03   -0.1061735691E-01
   -0.9134159090E-03   -0.9802497014E-02
   -0.9329348635E-03   -0.8968394250E-02
   -0.9549882665E-03   -0.8110891171E-02
   -0.9753592390E-03   -0.7232181266E-02
   -0.9896605283E-03   -0.6335887396E-02
   -0.9948480354E-03   -0.5429243777E-02
   -0.9839665032E-03   -0.4524427752E-02
   -0.9537217246E-03   -0.3636650472E-02
   -0.8964856484E-03   -0.2786300949E-02
   -0.8075624353E-03   -0.2000577871E-02
   -0.6827062678E-03   -0.1306838504E-02
   -0.5144338906E-03   -0.7416019735E-03
   -0.3190245290E-03   -0.3180183106E-03
   -0.1149556773E-03   -0.8193613595E-04
    0.0000000000E+00    0.0000000000E+00
    0.0000000000E+00    0.0000000000E+00
    0.1146324359E+00    0.5479261175E-02
    0.2010786958E+00    0.1761082088E-01
    0.2551502432E+00    0.3303877579E-01
    0.2755532300E+00    0.4617842705E-01
    0.2596481014E+00    0.5986228859E-01
    0.2142684186E+00    0.6410520925E-01
    0.1504740126E+00    0.5828409374E-01
    0.8711065658E-01    0.4425372122E-01
    0.4287557706E-01    0.1887315686E-01
    0.2055235784E-01    0.9135744491E-03
    0.8903239402E-02   -0.7724960221E-02
    0.2842336247E-02   -0.1426467127E-01
    0.1172050297E-04   -0.1866130331E-01
   -0.1247282244E-02   -0.2048290576E-01
   -0.1769216020E-02   -0.2078410625E-01
   -0.1887387748E-02   -0.2082945486E-01
   -0.1927762682E-02   -0.2043053335E-01
   -0.1909907468E-02   -0.1988320854E-01
   -0.1866953540E-02   -0.1917474426E-01
   -0.1817466900E-02   -0.1841451341E-01
   -0.1782661446E-02   -0.1757874328E-01
   -0.1762939107E-02   -0.1671990324E-01
   -0.1762966979E-02   -0.1581472652E-01
   -0.1779507761E-02   -0.1488101973E-01
   -0.1811582023E-02   -0.1390452154E-01
   -0.1854307306E-02   -0.1289296710E-01
   -0.1904541035E-02   -0.1183858077E-01
   -0.1955416676E-02   -0.1074764649E-01
   -0.2001871872E-02   -0.9619758239E-02
   -0.2034903909E-02   -0.8465253391E-02
   -0.2047583934E-02   -0.7292110210E-02
   -0.2028813273E-02   -0.6118735242E-02
   -0.1969828801E-02   -0.4962512806E-02
   -0.1858594122E-02   -0.3852251177E-02
   -0.1685467444E-02   -0.2815711392E-02
   -0.1441792405E-02   -0.1890754688E-02
   -0.1120995600E-02   -0.1113520371E-02
   -0.7406512723E-03   -0.5090796029E-03
   -0.3291766608E-03   -0.1378988704E-03
    0.0000000000E+00    0.0000000000E+00
    0.0000000000E+00    0.0000000000E+00
    0.1044917590E+00    0.5852652671E-02
    0.1857630005E+00    0.1960646255E-01
    0.2392635363E+00    0.3699137167E-01
    0.2607798181E+00    0.5290131886E-01
    0.2513023881E+00    0.6596961731E-01
    0.2135034465E+00    0.7086976438E-01
    0.1602596444E+00    0.6585921722E-01
    0.1065933697E+00    0.5267051748E-01
    0.6237588346E-01    0.3353438044E-01
    0.3544078963E-01    0.1570750205E-01
    0.1898706521E-01    0.2417592441E-02
    0.8948187900E-02   -0.7081488098E-02
    0.3535045595E-02   -0.1355250268E-01
    0.6771625929E-03   -0.1731422002E-01
   -0.8494495942E-03   -0.1915273157E-01
   -0.1634761246E-02   -0.2034803642E-01
   -0.2068100070E-02   -0.2086422164E-01
   -0.2314332448E-02   -0.2091231507E-01
   -0.2441780937E-02   -0.2061858995E-01
   -0.2514324200E-02   -0.2013622902E-01
   -0.2565322650E-02   -0.1949023206E-01
   -0.2618258592E-02   -0.1873589822E-01
   -0.2678941840E-02   -0.1788061032E-01
   -0.2753669389E-02   -0.1694555229E-01
   -0.2840425403E-02   -0.1593222145E-01
   -0.2937116877E-02   -0.1485144198E-01
   -0.3038381976E-02   -0.1370347792E-01
   -0.3136318743E-02   -0.1249728013E-01
   -0.3222770583E-02   -0.1123712068E-01
   -0.3285255420E-02   -0.9935765663E-02
   -0.3312674705E-02   -0.8605225773E-02
   -0.3289121600E-02   -0.7265236227E-02
   -0.3200510436E-02   -0.5938758412E-02
   -0.3029919964E-02   -0.4653739857E-02
   -0.2762144329E-02   -0.3446276619E-02
   -0.2385299317E-02   -0.2350857325E-02
   -0.1893899111E-02   -0.1413948137E-02
   -0.1298296007E-02   -0.6674542675E-03
   -0.6446095898E-03   -0.1800995606E-03
    0.0000000000E+00    0.0000000000E+00
    0.0000000000E+00    0.0000000000E+00
    0.9333523053E-01    0.5878905783E-02
    0.1690998198E+00    0.1977795730E-01
    0.2208010783E+00    0.3824132871E-01
    0.2452160312E+00    0.5488623150E-01
    0.2411894731E+00    0.6892253699E-01
    0.2132191552E+00    0.7506980938E-01
    0.1697438579E+00    0.7168429754E-01
    0.1230763361E+00    0.6132539328E-01
    0.8177722363E-01    0.4519275256E-01
    0.5121015552E-01    0.2860976059E-01
    0.3067712219E-01    0.1381694955E-01
    0.1739926371E-01    0.2669812001E-02
    0.9338402623E-02   -0.5586624445E-02
    0.4595857639E-02   -0.1126570406E-01
    0.1585109847E-02   -0.1478987238E-01
   -0.2735779969E-03   -0.1726996878E-01
   -0.1422526160E-02   -0.1881824917E-01
   -0.2132586647E-02   -0.1967051496E-01
   -0.2592089272E-02   -0.1997739503E-01
   -0.2898476089E-02   -0.1997186481E-01
   -0.3134857440E-02   -0.1967311279E-01
   -0.3329531473E-02   -0.1918535726E-01
   -0.3511121890E-02   -0.1851535402E-01
   -0.3686718458E-02   -0.1771640417E-01
   -0.3866392305E-02   -0.1678746280E-01
   -0.4045638667E-02   -0.1575853039E-01
   -0.4223412544E-02   -0.1462873891E-01
   -0.4388561392E-02   -0.1341790425E-01
   -0.4532409071E-02   -0.1213035777E-01
   -0.4638814369E-02   -0.1078483421E-01
   -0.4692816588E-02   -0.9393901371E-02
   -0.4674397153E-02   -0.7980800940E-02
   -0.4563635548E-02   -0.6568858760E-02
   -0.4339179496E-02   -0.5188861652E-02
   -0.3979701171E-02   -0.3877234854E-02
   -0.3469734743E-02   -0.2672028497E-02
   -0.2797302316E-02   -0.1624850029E-02
   -0.1971756914E-02   -0.7771629193E-03
   -0.1019107791E-02   -0.2124074486E-03
    0.0000000000E+00    0.0000000000E+00
    0.0000000000E+00    0.0000000000E+00
    0.8294753468E-01    0.5468491028E-02
    0.1523018278E+00    0.1915748299E-01
    0.2024832786E+00    0.3719511652E-01
    0.2285485644E+00    0.5471763780E-01
    0.2304046261E+00    0.6912932311E-01
    0.2103604667E+00    0.7649440798E-01
    0.1755887734E+00    0.7587289756E-01
    0.1359417543E+00    0.6791605374E-01
    0.9779659502E-01    0.5464717403E-01
    0.6674817783E-01    0.3981773931E-01
    0.4366321432E-01    0.2527060074E-01
    0.2759706487E-01    0.1331006204E-01
    0.1684856824E-01    0.3954826885E-02
    0.9919704875E-02   -0.3248980755E-02
    0.5323760424E-02   -0.8416564421E-02
    0.2237070300E-02   -0.1217690683E-01
    0.1938141524E-03   -0.1478765596E-01
   -0.1178769062E-02   -0.1651876166E-01
   -0.2126215782E-02   -0.1755483992E-01
   -0.2806734789E-02   -0.1813475056E-01
   -0.3327502764E-02   -0.1831967111E-01
   -0.3751076975E-02   -0.1821159880E-01
   -0.4118375605E-02   -0.1784968218E-01
   -0.4451861496E-02   -0.1729398800E-01
   -0.4767143906E-02   -0.1656146242E-01
   -0.5066206840E-02   -0.1568615422E-01
   -0.5349713039E-02   -0.1467763262E-01
   -0.5607337033E-02   -0.1355913701E-01
   -0.5829934138E-02   -0.1234023501E-01
   -0.5998488356E-02   -0.1104214450E-01
   -0.6095993189E-02   -0.9679639094E-02
   -0.6096981172E-02   -0.8277313472E-02
   -0.5978508780E-02   -0.6859360599E-02
   -0.5711767397E-02   -0.5457318651E-02
   -0.5272850524E-02   -0.4108397302E-02
   -0.4635768306E-02   -0.2853711232E-02
   -0.3788486977E-02   -0.1746978803E-02
   -0.2719791619E-02   -0.8428340318E-03
   -0.1451294476E-02   -0.2293457853E-03
    0.0000000000E+00    0.0000000000E+00
    0.0000000000E+00    0.0000000000E+00
    0.7284741888E-01    0.4967705612E-02
    0.1362401061E+00    0.1764937295E-01
    0.1840696702E+00    0.3513076454E-01
    0.2122128562E+00    0.5241793581E-01
    0.2188309378E+00    0.6758138479E-01
    0.2062830409E+00    0.7644747062E-01
    0.1790728480E+00    0.7814196099E-01
    0.1452814485E+00    0.7319992284E-01
    0.1108820827E+00    0.6245584912E-01
    0.8065099067E-01    0.4962931091E-01
    0.5670213641E-01    0.3606776192E-01
    0.3877814410E-01    0.2399212076E-01
    0.2581973616E-01    0.1393203828E-01
    0.1670936334E-01    0.5716692165E-02
    0.1032564970E-01   -0.6999566339E-03
    0.5877899618E-02   -0.5573399387E-02
    0.2780210859E-02   -0.9194853506E-02
    0.6105997390E-03   -0.1183228027E-01
   -0.9713456388E-03   -0.1364657321E-01
   -0.2144281182E-02   -0.1488593170E-01
   -0.3055422236E-02   -0.1562566969E-01
   -0.3787392214E-02   -0.1598798907E-01
   -0.4409323515E-02   -0.1601936190E-01
   -0.4953717941E-02   -0.1580028212E-01
   -0.5450564019E-02   -0.1535130148E-01
   -0.5905785207E-02   -0.1472027160E-01
   -0.6326256057E-02   -0.1391951491E-01
   -0.6702652379E-02   -0.1298060339E-01
   -0.7026904553E-02   -0.1191473422E-01
   -0.7278940477E-02   -0.1074706837E-01
   -0.7439030260E-02   -0.9493186058E-02
   -0.7479147149E-02   -0.8178612563E-02
   -0.7370663316E-02   -0.6827923117E-02
   -0.7081084681E-02   -0.5472154381E-02
   -0.6577775772E-02   -0.4149866534E-02
   -0.5830279791E-02   -0.2902593360E-02
   -0.4811710277E-02   -0.1789164658E-02
   -0.3504072918E-02   -0.8694277864E-03
   -0.1899798526E-02   -0.2391136823E-03
    0.0000000000E+00    0.0000000000E+00
    0.0000000000E+00    0.0000000000E+00
    0.6400237994E-01    0.4439178795E-02
    0.1211494580E+00    0.1614985496E-01
    0.1664408972E+00    0.3234153783E-01
    0.1952422839E+00    0.4934956437E-01
    0.2061431263E+00    0.6455616757E-01
    0.1996630174E+00    0.7464165106E-01
    0.1796427934E+00    0.7857739963E-01
    0.1519695469E+00    0.7620624115E-01
    0.1215675239E+00    0.6850176413E-01
    0.9332607942E-01    0.5788089550E-01
    0.6910081878E-01    0.4591638596E-01
    0.4997591243E-01    0.3434142664E-01
    0.3529453313E-01    0.2397468263E-01
    0.2436244234E-01    0.1512583615E-01
    0.1636498604E-01    0.7837198751E-02
    0.1053656662E-01    0.2048306592E-02
    0.6302974374E-02   -0.2452026574E-02
    0.3211671530E-02   -0.5932051961E-02
    0.9014476519E-03   -0.8528434546E-02
   -0.8609155582E-03   -0.1044563387E-01
   -0.2243752719E-02   -0.1178442134E-01
   -0.3361429647E-02   -0.1266697605E-01
   -0.4299966500E-02   -0.1315791532E-01
   -0.5110532477E-02   -0.1334016224E-01
   -0.5832692607E-02   -0.1324852747E-01
   -0.6482325784E-02   -0.1293317047E-01
   -0.7071398265E-02   -0.1241571893E-01
   -0.7594385456E-02   -0.1173027816E-01
   -0.8045200322E-02   -0.1089253042E-01
   -0.8403294789E-02   -0.9929156607E-02
   -0.8648590509E-02   -0.8856639390E-02
   -0.8749033659E-02   -0.7701191742E-02
   -0.8673802860E-02   -0.6485886944E-02
   -0.8382615720E-02   -0.5242507365E-02
   -0.7839046831E-02   -0.4007220883E-02
   -0.6999330128E-02   -0.2824447062E-02
   -0.5830130551E-02   -0.1751864460E-02
   -0.4290881392E-02   -0.8564872950E-03
   -0.2359028864E-02   -0.2355798689E-03
    0.0000000000E+00    0.0000000000E+00
    0.0000000000E+00    0.0000000000E+00
    0.5588185646E-01    0.3888480332E-02
    0.1073765910E+00    0.1434680576E-01
    0.1496911084E+00    0.2935811154E-01
    0.1790157621E+00    0.4552835756E-01
    0.1929658690E+00    0.6083927575E-01
    0.1919152831E+00    0.7193330190E-01
    0.1780078872E+00    0.7776946634E-01
    0.1559608414E+00    0.7797585037E-01
    0.1299085754E+00    0.7290281703E-01
    0.1039599027E+00    0.6462532178E-01
    0.8054071427E-01    0.5435277236E-01
    0.6079810579E-01    0.4373474116E-01
    0.4495513211E-01    0.3359684355E-01
    0.3258903537E-01    0.2456424730E-01
    0.2316625001E-01    0.1677598034E-01
    0.1605445902E-01    0.1031165573E-01
    0.1067588529E-01    0.5074049843E-02
    0.6610959500E-02    0.8542066751E-03
    0.3488910589E-02   -0.2461234267E-02
    0.1065642601E-02   -0.5037614444E-02
   -0.8618269436E-03   -0.6979617061E-02
   -0.2425437945E-02   -0.8410954432E-02
   -0.3737782550E-02   -0.9397847908E-02
   -0.4861186276E-02   -0.1003026588E-01
   -0.5850272545E-02   -0.1034738531E-01
   -0.6728388834E-02   -0.1040644730E-01
   -0.7516118183E-02   -0.1023229424E-01
   -0.8211873068E-02   -0.9863854687E-02
   -0.8813102838E-02   -0.9318572103E-02
   -0.9300325584E-02   -0.8624817756E-02
   -0.9652991305E-02   -0.7799549420E-02
   -0.9837597425E-02   -0.6867951812E-02
   -0.9818952167E-02   -0.5852669531E-02
   -0.9552729871E-02   -0.4782880903E-02
   -0.8993095702E-02   -0.3694314610E-02
   -0.8089040550E-02   -0.2629262419E-02
   -0.6790003261E-02   -0.1646027084E-02
   -0.5043027094E-02   -0.8124386067E-03
   -0.2797867574E-02   -0.2261022288E-03
    0.0000000000E+00    0.0000000000E+00
    0.0000000000E+00    0.0000000000E+00
    0.4888659307E-01    0.3418722204E-02
    0.9490228829E-01    0.1280227440E-01
    0.1341888733E+00    0.2635696527E-01
    0.1629821211E+00    0.4167207878E-01
    0.1792887755E+00    0.5654174510E-01
    0.1824084688E+00    0.6830733271E-01
    0.1739645243E+00    0.7575548064E-01
    0.1572450151E+00    0.7810625383E-01
    0.1354952950E+00    0.7571052152E-01
    0.1125103543E+00    0.6975497801E-01
    0.9041707600E-01    0.6139645027E-01
    0.7088987138E-01    0.5205780867E-01
    0.5442577460E-01    0.4257389877E-01
    0.4105017953E-01    0.3372049713E-01
    0.3043952690E-01    0.2577554667E-01
    0.2215129260E-01    0.1889715760E-01
    0.1569517385E-01    0.1309665166E-01
    0.1066698470E-01    0.8266573625E-02
    0.6726159009E-02    0.4320683067E-02
    0.3603705014E-02    0.1135776934E-02
    0.1091329040E-02   -0.1387274674E-02
   -0.9665167361E-03   -0.3364013184E-02
   -0.2692481503E-02   -0.4864091907E-02
   -0.4168246650E-02   -0.5971881745E-02
   -0.5456821730E-02   -0.6734566218E-02
   -0.6594025466E-02   -0.7209220979E-02
   -0.7606169508E-02   -0.7426551779E-02
   -0.8498913052E-02   -0.7426027731E-02
   -0.9272598297E-02   -0.7227958393E-02
   -0.9910782628E-02   -0.6860730052E-02
   -0.1039314865E-01   -0.6340962436E-02
   -0.1068525618E-01   -0.5693084486E-02
   -0.1074922953E-01   -0.4936627036E-02
   -0.1053513715E-01   -0.4099526607E-02
   -0.9990673881E-02   -0.3212764131E-02
   -0.9052763936E-02   -0.2317693861E-02
   -0.7658886893E-02   -0.1468210991E-02
   -0.5735339251E-02   -0.7321142560E-03
   -0.3211264100E-02   -0.2046758150E-03
    0.0000000000E+00    0.0000000000E+00
    0.0000000000E+00    0.0000000000E+00
    0.4262561288E-01    0.2957015368E-02
    0.8373776385E-01    0.1121863357E-01
    0.1198898423E+00    0.2350518252E-01
    0.1480206819E+00    0.3772046411E-01
    0.1657573227E+00    0.5216965066E-01
    0.1723598406E+00    0.6429140938E-01
    0.1684023998E+00    0.7299462384E-01
    0.1563651585E+00    0.7727395152E-01
    0.1387731370E+00    0.7712715385E-01
    0.1187574855E+00    0.7346151500E-01
    0.9855686137E-01    0.6703111418E-01
    0.7976538036E-01    0.5918887421E-01
    0.6329816906E-01    0.5067552832E-01
    0.4936216646E-01    0.4231839861E-01
    0.3791206391E-01    0.3450709582E-01
    0.2864763984E-01    0.2747700332E-01
    0.2122134778E-01    0.2133237202E-01
    0.1529078319E-01    0.1605451084E-01
    0.1054139349E-01    0.1159984328E-01
    0.6718949719E-02    0.7881119708E-02
    0.3597852025E-02    0.4824410015E-02
    0.1021403134E-02    0.2324255548E-02
   -0.1149951352E-02    0.3189421109E-03
   -0.3004318543E-02   -0.1273542870E-02
   -0.4619538451E-02   -0.2499522583E-02
   -0.6037912570E-02   -0.3418316923E-02
   -0.7296336714E-02   -0.4060931972E-02
   -0.8404853148E-02   -0.4468717949E-02
   -0.9370162879E-02   -0.4662259112E-02
   -0.1017781381E-01   -0.4669834544E-02
   -0.1081017174E-01   -0.4507212372E-02
   -0.1123183370E-01   -0.4196288945E-02
   -0.1140346599E-01   -0.3754174161E-02
   -0.1127027970E-01   -0.3204377871E-02
   -0.1077284736E-01   -0.2573676126E-02
   -0.9837842741E-02   -0.1898602980E-02
   -0.8387506553E-02   -0.1227398020E-02
   -0.6330654042E-02   -0.6247882986E-03
   -0.3571901634E-02   -0.1783768314E-03
    0.0000000000E+00    0.0000000000E+00
    0.0000000000E+00    0.0000000000E+00
    0.3724126298E-01    0.2588547230E-02
    0.7380024601E-01    0.9915280663E-02
    0.1068969034E+00    0.2090059062E-01
    0.1337178760E+00    0.3406601134E-01
    0.1522730831E+00    0.4776175684E-01
    0.1613219141E+00    0.5997977187E-01
    0.1611736722E+00    0.6952199884E-01
    0.1533147260E+00    0.7531961842E-01
    0.1396997813E+00    0.7723459687E-01
    0.1229338197E+00    0.7567054015E-01
    0.1049108268E+00    0.7127495457E-01
    0.8741044417E-01    0.6506525180E-01
    0.7133345809E-01    0.5778294303E-01
    0.5726025260E-01    0.5020159746E-01
    0.4527106146E-01    0.4277634131E-01
    0.3527795636E-01    0.3584216092E-01
    0.2705252333E-01    0.2955976261E-01
    0.2032181658E-01    0.2400444287E-01
    0.1482695698E-01    0.1917349735E-01
    0.1032430890E-01    0.1502140485E-01
    0.6606258403E-02    0.1149639100E-01
    0.3503423023E-02    0.8518977198E-02
    0.8797160348E-03    0.6032277267E-02
   -0.1369197726E-02    0.3966109831E-02
   -0.3323571260E-02    0.2273146070E-02
   -0.5039379484E-02    0.8982028000E-03
   -0.6556636594E-02   -0.1916981396E-03
   -0.7895825907E-02   -0.1035769270E-02
   -0.9065646111E-02   -0.1655420355E-02
   -0.1005868980E-01   -0.2077263070E-02
   -0.1085717762E-01   -0.2315306704E-02
   -0.1142920965E-01   -0.2388858688E-02
   -0.1173187049E-01   -0.2310319675E-02
   -0.1170937030E-01   -0.2098994773E-02
   -0.1129330665E-01   -0.1774400599E-02
   -0.1040280250E-01   -0.1366947832E-02
   -0.8943505588E-02   -0.9167290346E-03
   -0.6807612181E-02   -0.4809026185E-03
   -0.3873345017E-02   -0.1402577669E-03
    0.0000000000E+00    0.0000000000E+00
    0.0000000000E+00    0.0000000000E+00
    0.3247548500E-01    0.2237663548E-02
    0.6496861612E-01    0.8666429408E-02
    0.9508569809E-01    0.1852322478E-01
    0.1205493387E+00    0.3056771052E-01
    0.1393067890E+00    0.4354698295E-01
    0.1502308587E+00    0.5561021347E-01
    0.1530412775E+00    0.6573551267E-01
    0.1487604741E+00    0.7275474730E-01
    0.1387427195E+00    0.7635904525E-01
    0.1250713198E+00    0.7672910710E-01
    0.1094722556E+00    0.7421968943E-01
    0.9351661605E-01    0.6970099235E-01
    0.7830073679E-01    0.6376638264E-01
    0.6443700689E-01    0.5717053781E-01
    0.5227214068E-01    0.5037061898E-01
    0.4181425238E-01    0.4376196839E-01
    0.3299374860E-01    0.3756415362E-01
    0.2561060027E-01    0.3190652100E-01
    0.1946191783E-01    0.2684898499E-01
    0.1434115411E-01    0.2237516018E-01
    0.1005399375E-01    0.1847268543E-01
    0.6444737246E-02    0.1507911887E-01
    0.3371054111E-02    0.1215701175E-01
    0.7308534107E-03    0.9641627578E-02
   -0.1568354196E-02    0.7495694526E-02
   -0.3584257994E-02    0.5664408758E-02
   -0.5368045060E-02    0.4119514052E-02
   -0.6942825263E-02    0.2821647593E-02
   -0.8326276684E-02    0.1752037695E-02
   -0.9512780236E-02    0.8852846218E-03
   -0.1049087055E-01    0.2102769577E-03
   -0.1122800276E-01   -0.2885607232E-03
   -0.1168417450E-01   -0.6187481992E-03
   -0.1179846587E-01   -0.7933056776E-03
   -0.1150030259E-01   -0.8231066463E-03
   -0.1069640041E-01   -0.7307563351E-03
   -0.9282195212E-02   -0.5433832597E-03
   -0.7127646137E-02   -0.3111320797E-03
   -0.4090691092E-02   -0.9718971158E-04
    0.0000000000E+00    0.0000000000E+00
    0.0000000000E+00    0.0000000000E+00
    0.2835318807E-01    0.1962457005E-02
    0.5715506874E-01    0.7645149592E-02
    0.8445707113E-01    0.1642845821E-01
    0.1082412345E+00    0.2744282091E-01
    0.1268075250E+00    0.3953793180E-01
    0.1388457784E+00    0.5129128921E-01
    0.1440095186E+00    0.6165067300E-01
    0.1427188834E+00    0.6954919127E-01
    0.1359533812E+00    0.7457242139E-01
    0.1253162922E+00    0.7661436409E-01
    0.1121889266E+00    0.7592842099E-01
    0.9809585138E-01    0.7307808876E-01
    0.8401528501E-01    0.6860114763E-01
    0.7075316026E-01    0.6314580366E-01
    0.5870749723E-01    0.5716681137E-01
    0.4807306987E-01    0.5109117355E-01
    0.3886647534E-01    0.4517098194E-01
    0.3099240613E-01    0.3959371334E-01
    0.2431112936E-01    0.3445411312E-01
    0.1865262543E-01    0.2978861770E-01
    0.1385976356E-01    0.2560522885E-01
    0.9778788562E-02    0.2187694284E-01
    0.6284695758E-02    0.1857585619E-01
    0.3265294389E-02    0.1565541596E-01
    0.6347591268E-03    0.1308198132E-01
   -0.1677910761E-02    0.1081060588E-01
   -0.3721858626E-02    0.8813844656E-02
   -0.5532951245E-02    0.7057563839E-02
   -0.7128400720E-02    0.5524040711E-02
   -0.8513575337E-02    0.4191406930E-02
   -0.9675935703E-02    0.3051724052E-02
   -0.1059170617E-01    0.2093742397E-02
   -0.1121688386E-01    0.1316367211E-02
   -0.1149609791E-01    0.7136551118E-03
   -0.1134856777E-01    0.2849046927E-03
   -0.1068084511E-01    0.1900943691E-04
   -0.9368357369E-02   -0.9840397287E-04
   -0.7271115221E-02   -0.1017352104E-03
   -0.4214368047E-02   -0.4137025750E-04
    0.0000000000E+00    0.0000000000E+00
    0.0000000000E+00    0.0000000000E+00
    0.2471722194E-01    0.1703139478E-02
    0.5021874098E-01    0.6696082265E-02
    0.7485838888E-01    0.1454544348E-01
    0.9699971586E-01    0.2454078384E-01
    0.1150147132E+00    0.3581427592E-01
    0.1277761408E+00    0.4710039875E-01
    0.1346425945E+00    0.5753522726E-01
    0.1358127910E+00    0.6604041669E-01
    0.1318372517E+00    0.7216619096E-01
    0.1239372724E+00    0.7565311938E-01
    0.1132559947E+00    0.7656286356E-01
    0.1010731551E+00    0.7532002102E-01
    0.8839724284E-01    0.7229012828E-01
    0.7598204000E-01    0.6807035370E-01
    0.6437705982E-01    0.6305496133E-01
    0.5382362255E-01    0.5767862106E-01
    0.4447425981E-01    0.5221806135E-01
    0.3629399917E-01    0.4688551224E-01
    0.2922545011E-01    0.4182480821E-01
    0.2314204116E-01    0.3709684463E-01
    0.1792057500E-01    0.3275187299E-01
    0.1343230179E-01    0.2877671856E-01
    0.9556927748E-02    0.2517388540E-01
    0.6194597911E-02    0.2190133166E-01
    0.3252742040E-02    0.1894447870E-01
    0.6651983358E-03    0.1625911984E-01
   -0.1627686032E-02    0.1382880055E-01
   -0.3660955196E-02    0.1161923504E-01
   -0.5462753200E-02    0.9619393931E-02
   -0.7039163745E-02    0.7808793152E-02
   -0.8387560216E-02    0.6184821369E-02
   -0.9484192018E-02    0.4740763193E-02
   -0.1029324817E-01    0.3482639862E-02
   -0.1075552725E-01    0.2412730516E-02
   -0.1079511074E-01    0.1543097485E-02
   -0.1030619198E-01    0.8739079678E-03
   -0.9161808657E-02    0.4116677515E-03
   -0.7196341434E-02    0.1335622935E-03
   -0.4221006283E-02    0.1972408645E-04
    0.0000000000E+00    0.0000000000E+00
    0.0000000000E+00    0.0000000000E+00
    0.2154965183E-01    0.1498474212E-02
    0.4408815979E-01    0.5913810867E-02
    0.6625946997E-01    0.1290618095E-01
    0.8664106596E-01    0.2198323641E-01
    0.1038935541E+00    0.3237830015E-01
    0.1168647996E+00    0.4312961348E-01
    0.1249577869E+00    0.5339626666E-01
    0.1280412629E+00    0.6225746654E-01
    0.1264618224E+00    0.6920287798E-01
    0.1210595396E+00    0.7386208623E-01
    0.1127145728E+00    0.7620644962E-01
    0.1025458180E+00    0.7643984329E-01
    0.9140223279E-01    0.7485961983E-01
    0.8010021955E-01    0.7191489838E-01
    0.6915596920E-01    0.6797494934E-01
    0.5894702883E-01    0.6343777046E-01
    0.4966257131E-01    0.5858548648E-01
    0.4137243113E-01    0.5365971898E-01
    0.3407261045E-01    0.4881902314E-01
    0.2768934394E-01    0.4416991367E-01
    0.2214219377E-01    0.3977631223E-01
    0.1731918780E-01    0.3566136497E-01
    0.1312744143E-01    0.3183649404E-01
    0.9464412087E-02    0.2828453696E-01
    0.6253497296E-02    0.2499495616E-01
    0.3417328848E-02    0.2193896511E-01
    0.9046786513E-03    0.1910184568E-01
   -0.1333432265E-02    0.1645806238E-01
   -0.3321107419E-02    0.1399854371E-01
   -0.5078870363E-02    0.1170844382E-01
   -0.6601888344E-02    0.9589291997E-02
   -0.7880700445E-02    0.7640062806E-02
   -0.8876185544E-02    0.5874854664E-02
   -0.9542682496E-02    0.4305168563E-02
   -0.9795156460E-02    0.2956519086E-02
   -0.9537913177E-02    0.1845524097E-02
   -0.8622971495E-02    0.9971227869E-03
   -0.6885012009E-02    0.4133396397E-03
   -0.4096576313E-02    0.9504720716E-04
    0.0000000000E+00    0.0000000000E+00
    0.0000000000E+00    0.0000000000E+00
    0.1875594444E-01    0.1306863396E-02
    0.3864036412E-01    0.5197955170E-02
    0.5851685279E-01    0.1144076006E-01
    0.7722391780E-01    0.1964301208E-01
    0.9353059901E-01    0.2923013916E-01
    0.1064725716E+00    0.3936723900E-01
    0.1153291223E+00    0.4938168502E-01
    0.1199047601E+00    0.5839018962E-01
    0.1202721858E+00    0.6591855878E-01
    0.1170339607E+00    0.7151790666E-01
    0.1108412739E+00    0.7505743524E-01
    0.1025960740E+00    0.7663064597E-01
    0.9307767717E-01    0.7639252354E-01
    0.8300059287E-01    0.7472139454E-01
    0.7294117289E-01    0.7189577884E-01
    0.6326851910E-01    0.6829308174E-01
    0.5427295487E-01    0.6417371585E-01
    0.4605664003E-01    0.5978689197E-01
    0.3869551700E-01    0.5531229712E-01
    0.3215404477E-01    0.5086862092E-01
    0.2639468707E-01    0.4655580003E-01
    0.2133570124E-01    0.4240359776E-01
    0.1689953371E-01    0.3845712104E-01
    0.1300370157E-01    0.3470064986E-01
    0.9570668460E-02    0.3114902423E-01
    0.6534666864E-02    0.2777167471E-01
    0.3835403739E-02    0.2457133897E-01
    0.1429243464E-02    0.2152024606E-01
   -0.7200295385E-03    0.1862070760E-01
   -0.2631992945E-02    0.1585802104E-01
   -0.4314972357E-02    0.1324176916E-01
   -0.5760877461E-02    0.1077546084E-01
   -0.6944361123E-02    0.8482043431E-02
   -0.7819710253E-02    0.6383056936E-02
   -0.8315391100E-02    0.4519993565E-02
   -0.8327295942E-02    0.2924785654E-02
   -0.7716048102E-02    0.1651440241E-02
   -0.6290634933E-02    0.7192517877E-03
   -0.3819337635E-02    0.1760795876E-03
    0.0000000000E+00    0.0000000000E+00
    0.0000000000E+00    0.0000000000E+00
    0.1630602286E-01    0.1153745023E-02
    0.3381885539E-01    0.4600654002E-02
    0.5158982019E-01    0.1016733316E-01
    0.6861964545E-01    0.1758802593E-01
    0.8389702322E-01    0.2636880873E-01
    0.9649451099E-01    0.3588146427E-01
    0.1057854868E+00    0.4549578762E-01
    0.1114102643E+00    0.5448851437E-01
    0.1133593590E+00    0.6236326627E-01
    0.1119726650E+00    0.6866470595E-01
    0.1077244073E+00    0.7320256608E-01
    0.1013387121E+00    0.7593375290E-01
    0.9343869175E-01    0.7695496846E-01
    0.8471469774E-01    0.7650307175E-01
    0.7566660102E-01    0.7481933822E-01
    0.6673266214E-01    0.7220951808E-01
    0.5819730922E-01    0.6891886838E-01
    0.5024533139E-01    0.6518963003E-01
    0.4298144922E-01    0.6120048808E-01
    0.3642718892E-01    0.5709453801E-01
    0.3058107141E-01    0.5297543782E-01
    0.2538775468E-01    0.4890471728E-01
    0.2080087123E-01    0.4493015223E-01
    0.1674219674E-01    0.4106353726E-01
    0.1315695323E-01    0.3732039592E-01
    0.9971149356E-02    0.3368959902E-01
    0.7139212065E-02    0.3017383324E-01
    0.4603117946E-02    0.2675776069E-01
    0.2334896312E-02    0.2344468130E-01
    0.2975425930E-03    0.2022774159E-01
   -0.1513818247E-02    0.1712058733E-01
   -0.3110909101E-02    0.1413337432E-01
   -0.4467121148E-02    0.1129833915E-01
   -0.5559416533E-02    0.8647380030E-02
   -0.6311528081E-02    0.6238942666E-02
   -0.6642965786E-02    0.4125535168E-02
   -0.6396523007E-02    0.2386500142E-02
   -0.5396924200E-02    0.1076071737E-02
   -0.3369751451E-02    0.2732798298E-03
    0.0000000000E+00    0.0000000000E+00
    0.0000000000E+00    0.0000000000E+00
    0.1414296141E-01    0.1010907251E-02
    0.2952762045E-01    0.4058461958E-02
    0.4536074040E-01    0.9030120761E-02
    0.6081843859E-01    0.1572149320E-01
    0.7499388554E-01    0.2376492977E-01
    0.8712140387E-01    0.3262572252E-01
    0.9654016353E-01    0.4180833470E-01
    0.1029101595E+00    0.5064422444E-01
    0.1060627980E+00    0.5870395449E-01
    0.1062143035E+00    0.6550647455E-01
    0.1036589055E+00    0.7082715943E-01
    0.9895751056E-01    0.7455000504E-01
    0.9263074262E-01    0.7667349175E-01
    0.8525555888E-01    0.7737007796E-01
    0.7732770301E-01    0.7678567274E-01
    0.6924229140E-01    0.7519386488E-01
    0.6133589735E-01    0.7278787839E-01
    0.5379795992E-01    0.6980168289E-01
    0.4679318585E-01    0.6640655810E-01
    0.4036804222E-01    0.6274589170E-01
    0.3456382760E-01    0.5894238769E-01
    0.2935345881E-01    0.5505730000E-01
    0.2471106022E-01    0.5116661676E-01
    0.2058256504E-01    0.4727803952E-01
    0.1691600158E-01    0.4343462229E-01
    0.1365489793E-01    0.3961820244E-01
    0.1074584441E-01    0.3585388788E-01
    0.8141108935E-02    0.3211948842E-01
    0.5799455077E-02    0.2843449391E-01
    0.3686996689E-02    0.2478864774E-01
    0.1782609121E-02    0.2120682602E-01
    0.7119865820E-04    0.1770210688E-01
   -0.1439978400E-02    0.1431698982E-01
   -0.2734712533E-02    0.1109455481E-01
   -0.3760181683E-02    0.8111369358E-02
   -0.4437235660E-02    0.5439764047E-02
   -0.4632155075E-02    0.3196340363E-02
   -0.4150029397E-02    0.1459763265E-02
   -0.2727464883E-02    0.3768065788E-03
    0.0000000000E+00    0.0000000000E+00
    0.0000000000E+00    0.0000000000E+00
    0.1223528324E-01    0.8952166267E-03
    0.2572124058E-01    0.3600296423E-02
    0.3978675906E-01    0.8039379102E-02
    0.5372662139E-01    0.1408092281E-01
    0.6679403182E-01    0.2141596821E-01
    0.7827710063E-01    0.2964650641E-01
    0.8761838802E-01    0.3832159324E-01
    0.9440745022E-01    0.4690806257E-01
    0.9846655519E-01    0.5497965100E-01
    0.9984762565E-01    0.6210002942E-01
    0.9874601268E-01    0.6801319323E-01
    0.9556900777E-01    0.7254008638E-01
    0.9071624944E-01    0.7563673589E-01
    0.8469781139E-01    0.7736808644E-01
    0.7792190318E-01    0.7784476728E-01
    0.7079987925E-01    0.7725592368E-01
    0.6363095201E-01    0.7577279498E-01
    0.5665717466E-01    0.7359238983E-01
    0.5004494078E-01    0.7087426081E-01
    0.4388973339E-01    0.6776303700E-01
    0.3825505916E-01    0.6437439828E-01
    0.3314278108E-01    0.6078990362E-01
    0.2855511614E-01    0.5707960507E-01
    0.2444668727E-01    0.5327564976E-01
    0.2079132574E-01    0.4941510921E-01
    0.1752648454E-01    0.4550097394E-01
    0.1461875440E-01    0.4155302952E-01
    0.1200516807E-01    0.3756446487E-01
    0.9657305217E-02    0.3355198551E-01
    0.7520477639E-02    0.2951527168E-01
    0.5578692835E-02    0.2548124946E-01
    0.3791010806E-02    0.2147030049E-01
    0.2162862871E-02    0.1753434601E-01
    0.6772677211E-03    0.1372693582E-01
   -0.6165220953E-03    0.1014502647E-01
   -0.1680487415E-02    0.6884572149E-02
   -0.2372634964E-02    0.4095816319E-02
   -0.2536686958E-02    0.1903444439E-02
   -0.1866544599E-02    0.4992687365E-03
    0.0000000000E+00    0.0000000000E+00
    0.0000000000E+00    0.0000000000E+00
    0.1054873319E-01    0.7875291808E-03
    0.2232828615E-01    0.3186433861E-02
    0.3477719973E-01    0.7154366143E-02
    0.4730736691E-01    0.1259707475E-01
    0.5925922057E-01    0.1928664840E-01
    0.7004786315E-01    0.2689054109E-01
    0.7912286116E-01    0.3505869107E-01
    0.8612817600E-01    0.4331162429E-01
    0.9080276345E-01    0.5129519117E-01
    0.9315220694E-01    0.5857885384E-01
    0.9324688968E-01    0.6491298462E-01
    0.9139063982E-01    0.7008150685E-01
    0.8788323540E-01    0.7398516204E-01
    0.8313715963E-01    0.7664193086E-01
    0.7752124688E-01    0.7808341517E-01
    0.7138886753E-01    0.7846608782E-01
    0.6505213976E-01    0.7789721296E-01
    0.5873536706E-01    0.7655850601E-01
    0.5264087363E-01    0.7457766112E-01
    0.4687297387E-01    0.7209296936E-01
    0.4152858284E-01    0.6921763467E-01
    0.3663119178E-01    0.6602693628E-01
    0.3220185442E-01    0.6260704144E-01
    0.2822000609E-01    0.5897962493E-01
    0.2466268622E-01    0.5520579141E-01
    0.2148938849E-01    0.5127435195E-01
    0.1865807932E-01    0.4722953953E-01
    0.1612126003E-01    0.4304993336E-01
    0.1383461679E-01    0.3877280870E-01
    0.1174954077E-01    0.3438737383E-01
    0.9829814569E-02    0.2993565868E-01
    0.8028938454E-02    0.2543636836E-01
    0.6327032362E-02    0.2095343632E-01
    0.4690158597E-02    0.1655091678E-01
    0.3132862394E-02    0.1234534081E-01
    0.1674239361E-02    0.8456935451E-02
    0.4129634613E-03    0.5081428376E-02
   -0.4910088919E-03    0.2376763483E-02
   -0.7663055171E-03    0.6292589019E-03
    0.0000000000E+00    0.0000000000E+00
    0.0000000000E+00    0.0000000000E+00
    0.9054207913E-02    0.6992942663E-03
    0.1931143189E-01    0.2832832305E-02
    0.3029045790E-01    0.6380657667E-02
    0.4148894215E-01    0.1128975861E-01
    0.5236067486E-01    0.1737314051E-01
    0.6237295726E-01    0.2438677373E-01
    0.7106841803E-01    0.3201950693E-01
    0.7806872153E-01    0.3989657079E-01
    0.8314099098E-01    0.4767922659E-01
    0.8619568262E-01    0.5499948262E-01
    0.8726207406E-01    0.6159705354E-01
    0.8652940750E-01    0.6724285878E-01
    0.8421835897E-01    0.7181318772E-01
    0.8066616307E-01    0.7525792890E-01
    0.7616438056E-01    0.7758322817E-01
    0.7104985731E-01    0.7886898135E-01
    0.6558444736E-01    0.7920178211E-01
    0.6001583916E-01    0.7871171005E-01
    0.5452821264E-01    0.7751032858E-01
    0.4926011883E-01    0.7571680512E-01
    0.4431500742E-01    0.7343018678E-01
    0.3974175529E-01    0.7073071109E-01
    0.3558196663E-01    0.6769014150E-01
    0.3182434242E-01    0.6434730304E-01
    0.2847148956E-01    0.6074814712E-01
    0.2547664700E-01    0.5690137155E-01
    0.2282188256E-01    0.5283688949E-01
    0.2044161733E-01    0.4855016252E-01
    0.1830955044E-01    0.4406797588E-01
    0.1635068892E-01    0.3939125912E-01
    0.1453696476E-01    0.3455878619E-01
    0.1278780534E-01    0.2959709507E-01
    0.1107851389E-01    0.2457750705E-01
    0.9328827849E-02    0.1957389378E-01
    0.7537585227E-02    0.1472590266E-01
    0.5659620570E-02    0.1017938794E-01
    0.3783570864E-02    0.6173494858E-02
    0.1996783702E-02    0.2924470062E-02
    0.6068111350E-03    0.7826948156E-03
    0.0000000000E+00    0.0000000000E+00
    0.0000000000E+00    0.0000000000E+00
    0.7731081131E-02    0.6173730569E-03
    0.1661841121E-01    0.2514741685E-02
    0.2625871716E-01    0.5689414641E-02
    0.3622771362E-01    0.1011087695E-01
    0.4604745001E-01    0.1564320348E-01
    0.5527966199E-01    0.2208683269E-01
    0.6348969547E-01    0.2920298940E-01
    0.7036083140E-01    0.3666220156E-01
    0.7562240249E-01    0.4419030148E-01
    0.7918336338E-01    0.5143989176E-01
    0.8099399497E-01    0.5817714106E-01
    0.8118960547E-01    0.6416234021E-01
    0.7991055519E-01    0.6924968172E-01
    0.7742348247E-01    0.7336255049E-01
    0.7397051578E-01    0.7645151615E-01
    0.6983213711E-01    0.7857264663E-01
    0.6525901574E-01    0.7975079642E-01
    0.6046929171E-01    0.8010211156E-01
    0.5566101615E-01    0.7969201374E-01
    0.5096836895E-01    0.7863190539E-01
    0.4651491136E-01    0.7699871859E-01
    0.4236295965E-01    0.7486387412E-01
    0.3856689976E-01    0.7229888697E-01
    0.3513866770E-01    0.6932768284E-01
    0.3208065203E-01    0.6601102203E-01
    0.2937179850E-01    0.6233566806E-01
    0.2698131103E-01    0.5835408633E-01
    0.2486505652E-01    0.5403610709E-01
    0.2297485198E-01    0.4943231032E-01
    0.2124635325E-01    0.4452107012E-01
    0.1962428124E-01    0.3936120011E-01
    0.1802120248E-01    0.3396776123E-01
    0.1637927063E-01    0.2842740962E-01
    0.1458841297E-01    0.2281993605E-01
    0.1259962915E-01    0.1730644156E-01
    0.1032132289E-01    0.1206012637E-01
    0.7772453671E-02    0.7374525872E-02
    0.5012766215E-02    0.3509396579E-02
    0.2277990962E-02    0.9462401962E-03
    0.0000000000E+00    0.0000000000E+00
    0.0000000000E+00    0.0000000000E+00
    0.6553627516E-02    0.5496471398E-03
    0.1421808730E-01    0.2240467224E-02
    0.2264324325E-01    0.5083054046E-02
    0.3146653685E-01    0.9069367351E-02
    0.4028890233E-01    0.1409133211E-01
    0.4871622075E-01    0.2000596436E-01
    0.5638971690E-01    0.2660539371E-01
    0.6299291723E-01    0.3363706912E-01
    0.6829715190E-01    0.4084606082E-01
    0.7216059534E-01    0.4794685251E-01
    0.7452861615E-01    0.5470784802E-01
    0.7545896986E-01    0.6090455004E-01
    0.7505009147E-01    0.6638144146E-01
    0.7350249351E-01    0.7102851559E-01
    0.7100234807E-01    0.7478238894E-01
    0.6779916110E-01    0.7764164009E-01
    0.6409547807E-01    0.7961716978E-01
    0.6011205442E-01    0.8077221613E-01
    0.5601887907E-01    0.8115818099E-01
    0.5196949777E-01    0.8085444090E-01
    0.4808164749E-01    0.7992157496E-01
    0.4443619611E-01    0.7842200995E-01
    0.4109984855E-01    0.7640654798E-01
    0.3809132135E-01    0.7390701670E-01
    0.3543673458E-01    0.7095895400E-01
    0.3310602812E-01    0.6756532843E-01
    0.3109623799E-01    0.6375159598E-01
    0.2933908620E-01    0.5950457754E-01
    0.2781115201E-01    0.5485128108E-01
    0.2641146949E-01    0.4978318548E-01
    0.2509890075E-01    0.4434526379E-01
    0.2373828664E-01    0.3856109708E-01
    0.2226641078E-01    0.3251867519E-01
    0.2050805492E-01    0.2630690602E-01
    0.1838395404E-01    0.2011062570E-01
    0.1570630242E-01    0.1413024608E-01
    0.1245439436E-01    0.8713562423E-02
    0.8564219252E-02    0.4192925824E-02
    0.4290892187E-02    0.1140998186E-02
    0.0000000000E+00    0.0000000000E+00
    0.0000000000E+00    0.0000000000E+00
    0.5509578082E-02    0.4869455611E-03
    0.1207241126E-01    0.1994581693E-02
    0.1939417782E-01    0.4541043036E-02
    0.2716409701E-01    0.8131652343E-02
    0.3503458486E-01    0.1269021332E-01
    0.4267941144E-01    0.1810328358E-01
    0.4976574023E-01    0.2421378240E-01
    0.5603304434E-01    0.3080425198E-01
    0.6123999272E-01    0.3767257575E-01
    0.6526474836E-01    0.4455791423E-01
    0.6800698355E-01    0.5126169004E-01
    0.6950494785E-01    0.5756493266E-01
    0.6979991508E-01    0.6331129767E-01
    0.6904952425E-01    0.6838211412E-01
    0.6739473796E-01    0.7268091051E-01
    0.6504032533E-01    0.7619482797E-01
    0.6216746020E-01    0.7888412959E-01
    0.5896532829E-01    0.8080511769E-01
    0.5560354785E-01    0.8195901153E-01
    0.5222322448E-01    0.8242196468E-01
    0.4895103247E-01    0.8221785038E-01
    0.4587425371E-01    0.8140361227E-01
    0.4306534633E-01    0.8001217437E-01
    0.4056437782E-01    0.7806088174E-01
    0.3839158868E-01    0.7558585793E-01
    0.3654692645E-01    0.7256257249E-01
    0.3500693995E-01    0.6903203202E-01
    0.3373311626E-01    0.6494224322E-01
    0.3266912279E-01    0.6034482642E-01
    0.3173250378E-01    0.5518994469E-01
    0.3084171360E-01    0.4954901525E-01
    0.2985615914E-01    0.4341576214E-01
    0.2866664360E-01    0.3690038612E-01
    0.2705398346E-01    0.3008561729E-01
    0.2487449397E-01    0.2318254768E-01
    0.2185460658E-01    0.1641778356E-01
    0.1786877734E-01    0.1020492551E-01
    0.1277015603E-01    0.4930218634E-02
    0.6682696058E-02    0.1351153000E-02
    0.0000000000E+00    0.0000000000E+00
    0.0000000000E+00    0.0000000000E+00
    0.4576935974E-02    0.4345505169E-03
    0.1015575661E-01    0.1780291909E-02
    0.1647710074E-01    0.4062905511E-02
    0.2327413250E-01    0.7299063400E-02
    0.3025347291E-01    0.1143140843E-01
    0.3712371028E-01    0.1638258577E-01
    0.4361040861E-01    0.2201873187E-01
    0.4946243385E-01    0.2817741517E-01
    0.5448132138E-01    0.3467478484E-01
    0.5852080534E-01    0.4130352743E-01
    0.6149486958E-01    0.4787342845E-01
    0.6339290909E-01    0.5419342200E-01
    0.6424155106E-01    0.6010715444E-01
    0.6414756886E-01    0.6548767392E-01
    0.6321868359E-01    0.7023443983E-01
    0.6162681587E-01    0.7429873905E-01
    0.5951602061E-01    0.7763522074E-01
    0.5706675745E-01    0.8025593549E-01
    0.5442036543E-01    0.8215402775E-01
    0.5172613734E-01    0.8337018215E-01
    0.4909884412E-01    0.8391454973E-01
    0.4663790981E-01    0.8382614930E-01
    0.4442237604E-01    0.8311469427E-01
    0.4249609168E-01    0.8179742449E-01
    0.4090191910E-01    0.7987601675E-01
    0.3962739805E-01    0.7733825520E-01
    0.3868199320E-01    0.7418175073E-01
    0.3799410173E-01    0.7037130259E-01
    0.3754224827E-01    0.6591422124E-01
    0.3718994358E-01    0.6077507924E-01
    0.3688147041E-01    0.5499230369E-01
    0.3640392317E-01    0.4856949788E-01
    0.3564880671E-01    0.4160502068E-01
    0.3430096904E-01    0.3419130771E-01
    0.3217324279E-01    0.2655949871E-01
    0.2884958775E-01    0.1896621944E-01
    0.2412130870E-01    0.1188965368E-01
    0.1763911801E-01    0.5806877256E-02
    0.9512395388E-02    0.1605783837E-02
    0.0000000000E+00    0.0000000000E+00
    0.0000000000E+00    0.0000000000E+00
    0.3748837097E-02    0.3860134644E-03
    0.8440991843E-02    0.1587778681E-02
    0.1385640274E-01    0.3633154413E-02
    0.1976201604E-01    0.6546517129E-02
    0.2590202530E-01    0.1029091996E-01
    0.3203288574E-01    0.1480822780E-01
    0.3790392153E-01    0.2000028763E-01
    0.4330993977E-01    0.2573027242E-01
    0.4805256074E-01    0.3185555843E-01
    0.5201277823E-01    0.3819171440E-01
    0.5508072317E-01    0.4458086438E-01
    0.5724677964E-01    0.5084489025E-01
    0.5850039112E-01    0.5683842430E-01
    0.5892784975E-01    0.6243775781E-01
    0.5860164275E-01    0.6752740874E-01
    0.5766383100E-01    0.7205843844E-01
    0.5623652111E-01    0.7594950141E-01
    0.5447327531E-01    0.7921490393E-01
    0.5250896975E-01    0.8180175811E-01
    0.5047796743E-01    0.8375642387E-01
    0.4849786402E-01    0.8504457402E-01
    0.4667014016E-01    0.8570979950E-01
    0.4507558153E-01    0.8572726460E-01
    0.4377882566E-01    0.8510839215E-01
    0.4281232223E-01    0.8383673604E-01
    0.4220071455E-01    0.8187470374E-01
    0.4192417933E-01    0.7922037040E-01
    0.4195467410E-01    0.7578806646E-01
    0.4222075324E-01    0.7160520505E-01
    0.4261946023E-01    0.6656778471E-01
    0.4303065579E-01    0.6074877058E-01
    0.4324311121E-01    0.5408887806E-01
    0.4307854320E-01    0.4672301575E-01
    0.4216513417E-01    0.3871107546E-01
    0.4022775372E-01    0.3032399822E-01
    0.3671195661E-01    0.2183446699E-01
    0.3125842287E-01    0.1380315735E-01
    0.2334080413E-01    0.6768619054E-02
    0.1284035249E-01    0.1886220321E-02
    0.0000000000E+00    0.0000000000E+00
    0.0000000000E+00    0.0000000000E+00
    0.3007838219E-02    0.3443516841E-03
    0.6908460169E-02    0.1416232073E-02
    0.1150387863E-01    0.3247928592E-02
    0.1659115310E-01    0.5868927807E-02
    0.2195138903E-01    0.9255544513E-02
    0.2736740430E-01    0.1337313453E-01
    0.3263200819E-01    0.1814056283E-01
    0.3755221739E-01    0.2346000007E-01
    0.4196750903E-01    0.2920401460E-01
    0.4574926785E-01    0.3523134884E-01
    0.4880978715E-01    0.4139394104E-01
    0.5111033938E-01    0.4754480780E-01
    0.5264291289E-01    0.5354322391E-01
    0.5345738980E-01    0.5927310104E-01
    0.5361216201E-01    0.6462089335E-01
    0.5322016429E-01    0.6952158981E-01
    0.5238065510E-01    0.7389473191E-01
    0.5123386155E-01    0.7772471723E-01
    0.4989288371E-01    0.8095745761E-01
    0.4849379274E-01    0.8360915266E-01
    0.4714269708E-01    0.8563758889E-01
    0.4594911324E-01    0.8706721483E-01
    0.4499879588E-01    0.8785171459E-01
    0.4436026502E-01    0.8799942457E-01
    0.4409014615E-01    0.8745301291E-01
    0.4420121505E-01    0.8618705691E-01
    0.4471492968E-01    0.8413534705E-01
    0.4556247877E-01    0.8123158356E-01
    0.4672254850E-01    0.7742637354E-01
    0.4801391344E-01    0.7263208044E-01
    0.4936317456E-01    0.6685457503E-01
    0.5044191259E-01    0.6004639970E-01
    0.5109242623E-01    0.5230577436E-01
    0.5079147421E-01    0.4370653269E-01
    0.4921803929E-01    0.3452811507E-01
    0.4560301626E-01    0.2508254744E-01
    0.3944624935E-01    0.1599970738E-01
    0.2989543379E-01    0.7935428493E-02
    0.1675151611E-01    0.2232356362E-02
    0.0000000000E+00    0.0000000000E+00
    0.0000000000E+00    0.0000000000E+00
    0.2350966117E-02    0.3051250911E-03
    0.5540715380E-02    0.1258815571E-02
    0.9396455985E-02    0.2894026753E-02
    0.1373670004E-01    0.5244679855E-02
    0.1836880371E-01    0.8301722712E-02
    0.2310939950E-01    0.1204299505E-01
    0.2777128055E-01    0.1641310468E-01
    0.3219745811E-01    0.2133216412E-01
    0.3623343744E-01    0.2670411399E-01
    0.3977776188E-01    0.3240617531E-01
    0.4273213354E-01    0.3831881206E-01
    0.4506904371E-01    0.4430904094E-01
    0.4675780895E-01    0.5025289343E-01
    0.4784322949E-01    0.5604263177E-01
    0.4835842195E-01    0.6156356413E-01
    0.4840023559E-01    0.6675684416E-01
    0.4804937396E-01    0.7152196920E-01
    0.4742701854E-01    0.7585246294E-01
    0.4663899058E-01    0.7965916690E-01
    0.4580771160E-01    0.8297392004E-01
    0.4504169636E-01    0.8570974320E-01
    0.4445014046E-01    0.8791034765E-01
    0.4412184097E-01    0.8948320041E-01
    0.4414740826E-01    0.9045044438E-01
    0.4457512187E-01    0.9071354022E-01
    0.4546457455E-01    0.9024069680E-01
    0.4680378747E-01    0.8893658054E-01
    0.4859304055E-01    0.8668397619E-01
    0.5073948547E-01    0.8343599304E-01
    0.5312462677E-01    0.7900083139E-01
    0.5557141061E-01    0.7342422933E-01
    0.5776935729E-01    0.6653592509E-01
    0.5944384409E-01    0.5850146708E-01
    0.6000763359E-01    0.4930970100E-01
    0.5901409181E-01    0.3931291093E-01
    0.5548997391E-01    0.2881279588E-01
    0.4872721314E-01    0.1855049862E-01
    0.3754047419E-01    0.9239605053E-02
    0.2134315585E-01    0.2622371979E-02
    0.0000000000E+00    0.0000000000E+00
    0.0000000000E+00    0.0000000000E+00
    0.1767051705E-02    0.2691418969E-03
    0.4325264536E-02    0.1111493516E-02
    0.7514507651E-02    0.2563997160E-02
    0.1117210075E-01    0.4663116675E-02
    0.1513066449E-01    0.7410555026E-02
    0.1922679744E-01    0.1080019278E-01
    0.2330526111E-01    0.1478961572E-01
    0.2722194575E-01    0.1932615648E-01
    0.3085339758E-01    0.2432588461E-01
    0.3409676888E-01    0.2969886000E-01
    0.3687718060E-01    0.3533449491E-01
    0.3915045425E-01    0.4112881913E-01
    0.4089766525E-01    0.4696338182E-01
    0.4213786644E-01    0.5274674338E-01
    0.4290376971E-01    0.5836794887E-01
    0.4326749613E-01    0.6376799640E-01
    0.4330026118E-01    0.6885026749E-01
    0.4310827755E-01    0.7359494079E-01
    0.4278506071E-01    0.7791670755E-01
    0.4245041419E-01    0.8182961550E-01
    0.4220523496E-01    0.8524603148E-01
    0.4216576792E-01    0.8819649805E-01
    0.4242697900E-01    0.9057653903E-01
    0.4309110365E-01    0.9240946505E-01
    0.4423624904E-01    0.9355476885E-01
    0.4591673730E-01    0.9400109573E-01
    0.4817564088E-01    0.9356620340E-01
    0.5098179580E-01    0.9216561025E-01
    0.5431802073E-01    0.8961973944E-01
    0.5795794403E-01    0.8576023091E-01
    0.6181003743E-01    0.8049733158E-01
    0.6536001533E-01    0.7367570273E-01
    0.6840342336E-01    0.6537689111E-01
    0.7008934478E-01    0.5562001640E-01
    0.6995538193E-01    0.4473806912E-01
    0.6669218573E-01    0.3310159134E-01
    0.5938015777E-01    0.2151435565E-01
    0.4632883537E-01    0.1084658478E-01
    0.2674086040E-01    0.3108799962E-02
    0.0000000000E+00    0.0000000000E+00
    0.0000000000E+00    0.0000000000E+00
    0.1256286475E-02    0.2336462960E-03
    0.3255042064E-02    0.9685280658E-03
    0.5847611611E-02    0.2245204513E-02
    0.8885405974E-02    0.4103249027E-02
    0.1221850882E-01    0.6557202903E-02
    0.1570859251E-01    0.9609736666E-02
    0.1921721813E-01    0.1323725008E-01
    0.2262827194E-01    0.1739986928E-01
    0.2582712875E-01    0.2203653724E-01
    0.2873498033E-01    0.2707121176E-01
    0.3127393657E-01    0.3241669636E-01
    0.3341485523E-01    0.3798042945E-01
    0.3512524479E-01    0.4366298701E-01
    0.3642826658E-01    0.4938044674E-01
    0.3733830139E-01    0.5503150128E-01
    0.3792198748E-01    0.6056307858E-01
    0.3823493917E-01    0.6587547148E-01
    0.3837212561E-01    0.7095900938E-01
    0.3842062209E-01    0.7571021378E-01
    0.3848855996E-01    0.8016348202E-01
    0.3868127026E-01    0.8419803661E-01
    0.3911295633E-01    0.8787703584E-01
    0.3988865268E-01    0.9104918508E-01
    0.4112980781E-01    0.9378889001E-01
    0.4292455815E-01    0.9588096828E-01
    0.4538361238E-01    0.9735242698E-01
    0.4851918366E-01    0.9794789949E-01
    0.5242001174E-01    0.9758115868E-01
    0.5698450472E-01    0.9600131553E-01
    0.6211407315E-01    0.9290187170E-01
    0.6754132752E-01    0.8822612016E-01
    0.7281284599E-01    0.8157127576E-01
    0.7750498677E-01    0.7316135559E-01
    0.8070013107E-01    0.6281835563E-01
    0.8174097153E-01    0.5103228294E-01
    0.7904195542E-01    0.3810107493E-01
    0.7141198949E-01    0.2501169888E-01
    0.5657312508E-01    0.1267022567E-01
    0.3310173075E-01    0.3668342244E-02
    0.0000000000E+00    0.0000000000E+00
    0.0000000000E+00    0.0000000000E+00
    0.8161480998E-03    0.1975464057E-03
    0.2325531844E-02    0.8246598301E-03
    0.4386457876E-02    0.1928519226E-02
    0.6860688526E-02    0.3551910069E-02
    0.9616600863E-02    0.5720092957E-02
    0.1253265045E-01    0.8446888840E-02
    0.1549395860E-01    0.1172013270E-01
    0.1839842222E-01    0.1551720437E-01
    0.2115554232E-01    0.1978791040E-01
    0.2369038717E-01    0.2447842194E-01
    0.2594605416E-01    0.2950997010E-01
    0.2788455347E-01    0.3481314770E-01
    0.2948838115E-01    0.4029379924E-01
    0.3076198671E-01    0.4588679964E-01
    0.3172708614E-01    0.5149421785E-01
    0.3242875396E-01    0.5707332567E-01
    0.3292254935E-01    0.6252868300E-01
    0.3328676176E-01    0.6785217082E-01
    0.3360313224E-01    0.7294754791E-01
    0.3397346043E-01    0.7784458683E-01
    0.3449809792E-01    0.8243404115E-01
    0.3530139697E-01    0.8677554400E-01
    0.3649852120E-01    0.9072492819E-01
    0.3822576244E-01    0.9437197017E-01
    0.4060480250E-01    0.9746949078E-01
    0.4376534538E-01    0.1000811032E+00
    0.4779480511E-01    0.1018672691E+00
    0.5280814588E-01    0.1028240777E+00
    0.5881905868E-01    0.1024462397E+00
    0.6561597942E-01    0.1004829321E+00
    0.7306625186E-01    0.9659473848E-01
    0.8037327097E-01    0.9039061443E-01
    0.8728475770E-01    0.8191030049E-01
    0.9235046723E-01    0.7104804387E-01
    0.9501014500E-01    0.5822623124E-01
    0.9314245089E-01    0.4389693766E-01
    0.8528537373E-01    0.2908472518E-01
    0.6840482580E-01    0.1493590813E-01
    0.4062431010E-01    0.4369301538E-02
    0.0000000000E+00    0.0000000000E+00
    0.0000000000E+00    0.0000000000E+00
    0.4488460672E-03    0.1595995192E-03
    0.1540839113E-02    0.6742094042E-03
    0.3133177814E-02    0.1602519797E-02
    0.5100482535E-02    0.2990613100E-02
    0.7323327977E-02    0.4876239598E-02
    0.9700996706E-02    0.7280774035E-02
    0.1213416824E-01    0.1020434094E-01
    0.1454283285E-01    0.1363492984E-01
    0.1684729457E-01    0.1753656742E-01
    0.1899253372E-01    0.2186670700E-01
    0.2092310454E-01    0.2656339891E-01
    0.2261606516E-01    0.3156573054E-01
    0.2404553467E-01    0.3679790600E-01
    0.2522436588E-01    0.4219862980E-01
    0.2615949774E-01    0.4768737051E-01
    0.2689709191E-01    0.5322222017E-01
    0.2747769248E-01    0.5872074555E-01
    0.2797358951E-01    0.6417860666E-01
    0.2845858156E-01    0.6950380564E-01
    0.2902365959E-01    0.7474028154E-01
    0.2977279772E-01    0.7977326542E-01
    0.3082092075E-01    0.8470727378E-01
    0.3231003373E-01    0.8935905657E-01
    0.3437342043E-01    0.9390127687E-01
    0.3716954592E-01    0.9801383842E-01
    0.4089561291E-01    0.1018611103E+00
    0.4565094535E-01    0.1049830671E+00
    0.5169400160E-01    0.1075654642E+00
    0.5900398798E-01    0.1087928295E+00
    0.6769360121E-01    0.1083008555E+00
    0.7734996898E-01    0.1057331138E+00
    0.8726848135E-01    0.1001983680E+00
    0.9681260502E-01    0.9197916626E-01
    0.1044277734E+00    0.8050951526E-01
    0.1091525343E+00    0.6664566914E-01
    0.1085716692E+00    0.5067702259E-01
    0.1009207766E+00    0.3391540334E-01
    0.8218575125E-01    0.1752219797E-01
    0.4950209084E-01    0.5206638803E-02
    0.0000000000E+00    0.0000000000E+00
    0.0000000000E+00    0.0000000000E+00
    0.1610404770E-03    0.1182386124E-03
    0.9016134183E-03    0.5158908614E-03
    0.2086285692E-02    0.1263171182E-02
    0.3597243642E-02    0.2412311066E-02
    0.5330364610E-02    0.4012574183E-02
    0.7202881187E-02    0.6090972121E-02
    0.9132573125E-02    0.8659783273E-02
    0.1105637276E-01    0.1171344919E-01
    0.1291162825E-01    0.1522865103E-01
    0.1465205152E-01    0.1917292177E-01
    0.1623799283E-01    0.2349511576E-01
    0.1764395308E-01    0.2814790426E-01
    0.1885705691E-01    0.3306287481E-01
    0.1987738463E-01    0.3819356205E-01
    0.2072026177E-01    0.4346427500E-01
    0.2141356731E-01    0.4884592354E-01
    0.2199978052E-01    0.5426216584E-01
    0.2253395382E-01    0.5971648465E-01
    0.2308406560E-01    0.6513060968E-01
    0.2373370071E-01    0.7054903823E-01
    0.2457860624E-01    0.7588801628E-01
    0.2574023034E-01    0.8125353278E-01
    0.2735055031E-01    0.8650408897E-01
    0.2955921248E-01    0.9180858907E-01
    0.3253228835E-01    0.9692146678E-01
    0.3658054140E-01    0.1020308068E+00
    0.4192589379E-01    0.1066806195E+00
    0.4885063737E-01    0.1112219491E+00
    0.5751542704E-01    0.1144409256E+00
    0.6824082564E-01    0.1162047138E+00
    0.8089772119E-01    0.1154139711E+00
    0.9392363399E-01    0.1112046789E+00
    0.1072080495E+00    0.1032763360E+00
    0.1178805552E+00    0.9137351557E-01
    0.1253704660E+00    0.7619438067E-01
    0.1264796838E+00    0.5850742056E-01
    0.1191568007E+00    0.3944343971E-01
    0.9834504482E-01    0.2061138140E-01
    0.6002071032E-01    0.6182320346E-02
    0.0000000000E+00    0.0000000000E+00
    0.0000000000E+00    0.0000000000E+00
   -0.4467249905E-04    0.7307228134E-04
    0.4212892969E-03    0.3451924758E-03
    0.1257646024E-02    0.9060298112E-03
    0.2365593989E-02    0.1811765307E-02
    0.3653288333E-02    0.3120942008E-02
    0.5057214485E-02    0.4868067535E-02
    0.6511863399E-02    0.7068735836E-02
    0.7971102852E-02    0.9728734438E-02
    0.9385391581E-02    0.1282843581E-01
    0.1072321142E-01    0.1634780886E-01
    0.1194993149E-01    0.2024339352E-01
    0.1305209311E-01    0.2447695119E-01
    0.1401234603E-01    0.2899346455E-01
    0.1483892228E-01    0.3374920000E-01
    0.1553489845E-01    0.3868744901E-01
    0.1613078481E-01    0.4377577509E-01
    0.1665353324E-01    0.4896053943E-01
    0.1715334913E-01    0.5423967093E-01
    0.1768546483E-01    0.5956040418E-01
    0.1831951433E-01    0.6497013532E-01
    0.1915081078E-01    0.7040750837E-01
    0.2027213429E-01    0.7601410022E-01
    0.2184634951E-01    0.8164822191E-01
    0.2399492306E-01    0.8752832792E-01
    0.2691670884E-01    0.9344722932E-01
    0.3093463095E-01    0.9988712319E-01
    0.3651001087E-01    0.1060936616E+00
    0.4392770795E-01    0.1127917580E+00
    0.5327082840E-01    0.1183318318E+00
    0.6585873911E-01    0.1234000860E+00
    0.8148151340E-01    0.1256982034E+00
    0.9886961892E-01    0.1230879715E+00
    0.1165425906E+00    0.1162860757E+00
    0.1316058266E+00    0.1037096519E+00
    0.1424921319E+00    0.8725060017E-01
    0.1459139187E+00    0.6749476171E-01
    0.1396292767E+00    0.4595343784E-01
    0.1168076432E+00    0.2400259396E-01
    0.7238274567E-01    0.7183577580E-02
    0.0000000000E+00    0.0000000000E+00
    0.0000000000E+00    0.0000000000E+00
   -0.1597824579E-03    0.2773313818E-04
    0.9568180649E-04    0.1755854657E-03
    0.6430181187E-03    0.5472151598E-03
    0.1398800471E-02    0.1205989249E-02
    0.2285741399E-02    0.2220353419E-02
    0.3263754616E-02    0.3620481559E-02
    0.4277577111E-02    0.5436158459E-02
    0.5302720241E-02    0.7665905802E-02
    0.6297789347E-02    0.1030810764E-01
    0.7246133660E-02    0.1333829394E-01
    0.8119989376E-02    0.1673103710E-01
    0.8911405536E-02    0.2044820651E-01
    0.9608055455E-02    0.2445000333E-01
    0.1021430473E-01    0.2869654638E-01
    0.1073453743E-01    0.3314365119E-01
    0.1118877588E-01    0.3776328959E-01
    0.1159824427E-01    0.4251604264E-01
    0.1200166348E-01    0.4739926401E-01
    0.1243792775E-01    0.5238616430E-01
    0.1297132989E-01    0.5751310829E-01
    0.1366405010E-01    0.6277389231E-01
    0.1461177205E-01    0.6827835243E-01
    0.1591341607E-01    0.7399538521E-01
    0.1774764464E-01    0.8006126361E-01
    0.2031243204E-01    0.8653613964E-01
    0.2401201198E-01    0.9391995611E-01
    0.2931570876E-01    0.1015801652E+00
    0.3641496017E-01    0.1101920817E+00
    0.4590979317E-01    0.1187032871E+00
    0.6058179570E-01    0.1288572269E+00
    0.8079666842E-01    0.1349666556E+00
    0.1033972242E+00    0.1354815956E+00
    0.1272349276E+00    0.1299020371E+00
    0.1471280147E+00    0.1175172049E+00
    0.1624581106E+00    0.9916605104E-01
    0.1689271612E+00    0.7726753744E-01
    0.1629178532E+00    0.5305067919E-01
    0.1376585741E+00    0.2782230246E-01
    0.8647462659E-01    0.8322769397E-02
    0.0000000000E+00    0.0000000000E+00
    0.0000000000E+00    0.0000000000E+00
   -0.1885404473E-03   -0.1549651989E-04
   -0.6710367866E-04    0.1118830368E-04
    0.2486068239E-03    0.2046766817E-03
    0.7073142510E-03    0.6273022132E-03
    0.1249619106E-02    0.1345511453E-02
    0.1851823642E-02    0.2394839390E-02
    0.2477455899E-02    0.3795450770E-02
    0.3111835794E-02    0.5560088802E-02
    0.3729557040E-02    0.7677696319E-02
    0.4320572481E-02    0.1014247784E-01
    0.4867168613E-02    0.1292402424E-01
    0.5365639324E-02    0.1600146545E-01
    0.5806168969E-02    0.1933679079E-01
    0.6194309139E-02    0.2290141674E-01
    0.6529598042E-02    0.2666034897E-01
    0.6828515732E-02    0.3058865066E-01
    0.7101915353E-02    0.3466330779E-01
    0.7377856738E-02    0.3887714508E-01
    0.7682439314E-02    0.4322749071E-01
    0.8057260341E-02    0.4774548667E-01
    0.8556147027E-02    0.5244948911E-01
    0.9232240342E-02    0.5744110818E-01
    0.1017875209E-01    0.6275509544E-01
    0.1151383158E-01    0.6856648246E-01
    0.1347302720E-01    0.7500333822E-01
    0.1625909609E-01    0.8287870830E-01
    0.2067082992E-01    0.9146300542E-01
    0.2685796158E-01    0.1010982031E+00
    0.3507414831E-01    0.1118829238E+00
    0.4896039176E-01    0.1291619954E+00
    0.7182757023E-01    0.1419636304E+00
    0.1027882216E+00    0.1459221074E+00
    0.1349586071E+00    0.1442558425E+00
    0.1631373068E+00    0.1311486494E+00
    0.1838046977E+00    0.1115146448E+00
    0.1933261918E+00    0.8714161492E-01
    0.1885340345E+00    0.5958284470E-01
    0.1613781420E+00    0.3203155966E-01
    0.1035627593E+00    0.9802219597E-02
    0.0000000000E+00    0.0000000000E+00
    0.0000000000E+00    0.0000000000E+00
   -0.1401448512E-03   -0.4073277249E-04
   -0.9891045142E-04   -0.1035893888E-03
    0.4013299346E-04   -0.6028747008E-04
    0.2643853148E-03    0.1462953167E-03
    0.5221433820E-03    0.5857768926E-03
    0.8199692599E-03    0.1269029333E-02
    0.1120163870E-02    0.2234133475E-02
    0.1434316480E-02    0.3469263049E-02
    0.1732661696E-02    0.4990287524E-02
    0.2026469278E-02    0.6771164434E-02
    0.2292496980E-02    0.8811832228E-02
    0.2541851174E-02    0.1107660556E-01
    0.2758042785E-02    0.1355698271E-01
    0.2954074383E-02    0.1621347040E-01
    0.3119921537E-02    0.1903849091E-01
    0.3273482862E-02    0.2199526941E-01
    0.3409523402E-02    0.2508915118E-01
    0.3555490151E-02    0.2829204111E-01
    0.3708563795E-02    0.3163892947E-01
    0.3911915110E-02    0.3511876017E-01
    0.4161740677E-02    0.3881308113E-01
    0.4526893714E-02    0.4272980984E-01
    0.5011376415E-02    0.4704131713E-01
    0.5783678809E-02    0.5176327999E-01
    0.6867815724E-02    0.5733490184E-01
    0.8400181371E-02    0.6420491974E-01
    0.1039705683E-01    0.7226090330E-01
    0.1362071879E-01    0.8038954089E-01
    0.1882257256E-01    0.9342463269E-01
    0.3106781142E-01    0.1167629827E+00
    0.5670736482E-01    0.1363574742E+00
    0.9635761105E-01    0.1521568291E+00
    0.1430714268E+00    0.1545739994E+00
    0.1820035699E+00    0.1413764504E+00
    0.2062736894E+00    0.1220252440E+00
    0.2200720900E+00    0.9635505021E-01
    0.2175729905E+00    0.6629021849E-01
    0.1911379644E+00    0.3788386043E-01
    0.1270178373E+00    0.1228871899E-01
    0.0000000000E+00    0.0000000000E+00
    0.0000000000E+00    0.0000000000E+00
   -0.4562860088E-04   -0.4562860088E-04
   -0.3959903758E-04   -0.1404660318E-03
   -0.7991588646E-05   -0.1781256849E-03
    0.5353013776E-04   -0.1210483873E-03
    0.1237781005E-03    0.6543645137E-04
    0.2063909887E-03    0.4013482222E-03
    0.2894857867E-03    0.8912290885E-03
    0.3755777743E-03    0.1549804238E-02
    0.4589168871E-03    0.2362495165E-02
    0.5392520032E-03    0.3339936344E-02
    0.6142536024E-03    0.4456699251E-02
    0.6823617313E-03    0.5717746635E-02
    0.7437879692E-03    0.7094150975E-02
    0.7973593817E-03    0.8585626167E-02
    0.8447636676E-03    0.1016758463E-01
    0.8870730187E-03    0.1183671576E-01
    0.9260071315E-03    0.1358133341E-01
    0.9672918815E-03    0.1539922099E-01
    0.1011808440E-02    0.1730075091E-01
    0.1071608957E-02    0.1929252305E-01
    0.1144377865E-02    0.2141541687E-01
    0.1252165202E-02    0.2368402123E-01
    0.1387795578E-02    0.2622216321E-01
    0.1626692640E-02    0.2909613683E-01
    0.2022292815E-02    0.3248489770E-01
    0.2530677872E-02    0.3665844002E-01
    0.2945288602E-02    0.4181934740E-01
    0.3755303652E-02    0.4717487962E-01
    0.5460989682E-02    0.5761685021E-01
    0.1135313652E-01    0.8169574520E-01
    0.3382212746E-01    0.1039079474E+00
    0.6562297130E-01    0.1180221634E+00
    0.1406586402E+00    0.1539244542E+00
    0.1989329790E+00    0.1458449896E+00
    0.2320976708E+00    0.1255579188E+00
    0.2471272959E+00    0.1037185021E+00
    0.2469543924E+00    0.7394693795E-01
    0.2191944571E+00    0.4697158840E-01
    0.1498270645E+00    0.2039629864E-01
    0.0000000000E+00    0.0000000000E+00
    0.0000000000E+00    0.0000000000E+00
    0.0000000000E+00    0.0000000000E+00
    0.0000000000E+00    0.0000000000E+00
    0.0000000000E+00    0.0000000000E+00
    0.0000000000E+00    0.0000000000E+00
    0.0000000000E+00    0.0000000000E+00
    0.0000000000E+00    0.0000000000E+00
    0.0000000000E+00    0.0000000000E+00
    0.0000000000E+00    0.0000000000E+00
    0.0000000000E+00    0.0000000000E+00
    0.0000000000E+00    0.0000000000E+00
    0.0000000000E+00    0.0000000000E+00
    0.0000000000E+00    0.0000000000E+00
    0.0000000000E+00    0.0000000000E+00
    0.0000000000E+00    0.0000000000E+00
    0.0000000000E+00    0.0000000000E+00
    0.0000000000E+00    0.0000000000E+00
    0.0000000000E+00    0.0000000000E+00
    0.0000000000E+00    0.0000000000E+00
    0.0000000000E+00    0.0000000000E+00
    0.0000000000E+00    0.0000000000E+00
    0.0000000000E+00    0.0000000000E+00
    0.0000000000E+00    0.0000000000E+00
    0.0000000000E+00    0.0000000000E+00
    0.0000000000E+00    0.0000000000E+00
    0.0000000000E+00    0.0000000000E+00
    0.0000000000E+00    0.0000000000E+00
    0.0000000000E+00    0.0000000000E+00
    0.0000000000E+00    0.0000000000E+00
    0.0000000000E+00    0.0000000000E+00
    0.0000000000E+00    0.0000000000E+00
    0.0000000000E+00    0.0000000000E+00
    0.0000000000E+00    0.0000000000E+00
    0.1404719331E+00    0.1356192169E+00
    0.1980610536E+00    0.1518250411E+00
    0.2479580290E+00    0.1248326193E+00
    0.2742668954E+00    0.1039138674E+00
    0.2752086529E+00    0.7849193024E-01
    0.2492674712E+00    0.5154466432E-01
    0.1654613138E+00    0.2711928299E-01
    0.0000000000E+00    0.0000000000E+00
