#  xy.dat
#
#  This file contains the (X,Y) coordinates of the nodes.
#
#  The nodes are arranged in a 41 by 41 grid.
#
#  In this file, they are listed starting at the lower left corner,
#  proceeding UP first, and then moving gradually to the RIGHT, with
#  the last node listed being at the extreme upper right.
#
#  The grid points lie in the box 0 <= X, Y <= 1.
#
    0.0000000000E+00    0.0000000000E+00
    0.0000000000E+00    0.2500000000E-01
    0.0000000000E+00    0.5000000000E-01
    0.0000000000E+00    0.7500000000E-01
    0.0000000000E+00    0.1000000000E+00
    0.0000000000E+00    0.1250000000E+00
    0.0000000000E+00    0.1500000000E+00
    0.0000000000E+00    0.1750000000E+00
    0.0000000000E+00    0.2000000000E+00
    0.0000000000E+00    0.2250000000E+00
    0.0000000000E+00    0.2500000000E+00
    0.0000000000E+00    0.2750000000E+00
    0.0000000000E+00    0.3000000000E+00
    0.0000000000E+00    0.3250000000E+00
    0.0000000000E+00    0.3500000000E+00
    0.0000000000E+00    0.3750000000E+00
    0.0000000000E+00    0.4000000000E+00
    0.0000000000E+00    0.4250000000E+00
    0.0000000000E+00    0.4500000000E+00
    0.0000000000E+00    0.4750000000E+00
    0.0000000000E+00    0.5000000000E+00
    0.0000000000E+00    0.5250000000E+00
    0.0000000000E+00    0.5500000000E+00
    0.0000000000E+00    0.5750000000E+00
    0.0000000000E+00    0.6000000000E+00
    0.0000000000E+00    0.6250000000E+00
    0.0000000000E+00    0.6500000000E+00
    0.0000000000E+00    0.6750000000E+00
    0.0000000000E+00    0.7000000000E+00
    0.0000000000E+00    0.7250000000E+00
    0.0000000000E+00    0.7500000000E+00
    0.0000000000E+00    0.7750000000E+00
    0.0000000000E+00    0.8000000000E+00
    0.0000000000E+00    0.8250000000E+00
    0.0000000000E+00    0.8500000000E+00
    0.0000000000E+00    0.8750000000E+00
    0.0000000000E+00    0.9000000000E+00
    0.0000000000E+00    0.9250000000E+00
    0.0000000000E+00    0.9500000000E+00
    0.0000000000E+00    0.9750000000E+00
    0.0000000000E+00    0.1000000000E+01
    0.2500000000E-01    0.0000000000E+00
    0.2500000000E-01    0.2500000000E-01
    0.2500000000E-01    0.5000000000E-01
    0.2500000000E-01    0.7500000000E-01
    0.2500000000E-01    0.1000000000E+00
    0.2500000000E-01    0.1250000000E+00
    0.2500000000E-01    0.1500000000E+00
    0.2500000000E-01    0.1750000000E+00
    0.2500000000E-01    0.2000000000E+00
    0.2500000000E-01    0.2250000000E+00
    0.2500000000E-01    0.2500000000E+00
    0.2500000000E-01    0.2750000000E+00
    0.2500000000E-01    0.3000000000E+00
    0.2500000000E-01    0.3250000000E+00
    0.2500000000E-01    0.3500000000E+00
    0.2500000000E-01    0.3750000000E+00
    0.2500000000E-01    0.4000000000E+00
    0.2500000000E-01    0.4250000000E+00
    0.2500000000E-01    0.4500000000E+00
    0.2500000000E-01    0.4750000000E+00
    0.2500000000E-01    0.5000000000E+00
    0.2500000000E-01    0.5250000000E+00
    0.2500000000E-01    0.5500000000E+00
    0.2500000000E-01    0.5750000000E+00
    0.2500000000E-01    0.6000000000E+00
    0.2500000000E-01    0.6250000000E+00
    0.2500000000E-01    0.6500000000E+00
    0.2500000000E-01    0.6750000000E+00
    0.2500000000E-01    0.7000000000E+00
    0.2500000000E-01    0.7250000000E+00
    0.2500000000E-01    0.7500000000E+00
    0.2500000000E-01    0.7750000000E+00
    0.2500000000E-01    0.8000000000E+00
    0.2500000000E-01    0.8250000000E+00
    0.2500000000E-01    0.8500000000E+00
    0.2500000000E-01    0.8750000000E+00
    0.2500000000E-01    0.9000000000E+00
    0.2500000000E-01    0.9250000000E+00
    0.2500000000E-01    0.9500000000E+00
    0.2500000000E-01    0.9750000000E+00
    0.2500000000E-01    0.1000000000E+01
    0.5000000000E-01    0.0000000000E+00
    0.5000000000E-01    0.2500000000E-01
    0.5000000000E-01    0.5000000000E-01
    0.5000000000E-01    0.7500000000E-01
    0.5000000000E-01    0.1000000000E+00
    0.5000000000E-01    0.1250000000E+00
    0.5000000000E-01    0.1500000000E+00
    0.5000000000E-01    0.1750000000E+00
    0.5000000000E-01    0.2000000000E+00
    0.5000000000E-01    0.2250000000E+00
    0.5000000000E-01    0.2500000000E+00
    0.5000000000E-01    0.2750000000E+00
    0.5000000000E-01    0.3000000000E+00
    0.5000000000E-01    0.3250000000E+00
    0.5000000000E-01    0.3500000000E+00
    0.5000000000E-01    0.3750000000E+00
    0.5000000000E-01    0.4000000000E+00
    0.5000000000E-01    0.4250000000E+00
    0.5000000000E-01    0.4500000000E+00
    0.5000000000E-01    0.4750000000E+00
    0.5000000000E-01    0.5000000000E+00
    0.5000000000E-01    0.5250000000E+00
    0.5000000000E-01    0.5500000000E+00
    0.5000000000E-01    0.5750000000E+00
    0.5000000000E-01    0.6000000000E+00
    0.5000000000E-01    0.6250000000E+00
    0.5000000000E-01    0.6500000000E+00
    0.5000000000E-01    0.6750000000E+00
    0.5000000000E-01    0.7000000000E+00
    0.5000000000E-01    0.7250000000E+00
    0.5000000000E-01    0.7500000000E+00
    0.5000000000E-01    0.7750000000E+00
    0.5000000000E-01    0.8000000000E+00
    0.5000000000E-01    0.8250000000E+00
    0.5000000000E-01    0.8500000000E+00
    0.5000000000E-01    0.8750000000E+00
    0.5000000000E-01    0.9000000000E+00
    0.5000000000E-01    0.9250000000E+00
    0.5000000000E-01    0.9500000000E+00
    0.5000000000E-01    0.9750000000E+00
    0.5000000000E-01    0.1000000000E+01
    0.7500000000E-01    0.0000000000E+00
    0.7500000000E-01    0.2500000000E-01
    0.7500000000E-01    0.5000000000E-01
    0.7500000000E-01    0.7500000000E-01
    0.7500000000E-01    0.1000000000E+00
    0.7500000000E-01    0.1250000000E+00
    0.7500000000E-01    0.1500000000E+00
    0.7500000000E-01    0.1750000000E+00
    0.7500000000E-01    0.2000000000E+00
    0.7500000000E-01    0.2250000000E+00
    0.7500000000E-01    0.2500000000E+00
    0.7500000000E-01    0.2750000000E+00
    0.7500000000E-01    0.3000000000E+00
    0.7500000000E-01    0.3250000000E+00
    0.7500000000E-01    0.3500000000E+00
    0.7500000000E-01    0.3750000000E+00
    0.7500000000E-01    0.4000000000E+00
    0.7500000000E-01    0.4250000000E+00
    0.7500000000E-01    0.4500000000E+00
    0.7500000000E-01    0.4750000000E+00
    0.7500000000E-01    0.5000000000E+00
    0.7500000000E-01    0.5250000000E+00
    0.7500000000E-01    0.5500000000E+00
    0.7500000000E-01    0.5750000000E+00
    0.7500000000E-01    0.6000000000E+00
    0.7500000000E-01    0.6250000000E+00
    0.7500000000E-01    0.6500000000E+00
    0.7500000000E-01    0.6750000000E+00
    0.7500000000E-01    0.7000000000E+00
    0.7500000000E-01    0.7250000000E+00
    0.7500000000E-01    0.7500000000E+00
    0.7500000000E-01    0.7750000000E+00
    0.7500000000E-01    0.8000000000E+00
    0.7500000000E-01    0.8250000000E+00
    0.7500000000E-01    0.8500000000E+00
    0.7500000000E-01    0.8750000000E+00
    0.7500000000E-01    0.9000000000E+00
    0.7500000000E-01    0.9250000000E+00
    0.7500000000E-01    0.9500000000E+00
    0.7500000000E-01    0.9750000000E+00
    0.7500000000E-01    0.1000000000E+01
    0.1000000000E+00    0.0000000000E+00
    0.1000000000E+00    0.2500000000E-01
    0.1000000000E+00    0.5000000000E-01
    0.1000000000E+00    0.7500000000E-01
    0.1000000000E+00    0.1000000000E+00
    0.1000000000E+00    0.1250000000E+00
    0.1000000000E+00    0.1500000000E+00
    0.1000000000E+00    0.1750000000E+00
    0.1000000000E+00    0.2000000000E+00
    0.1000000000E+00    0.2250000000E+00
    0.1000000000E+00    0.2500000000E+00
    0.1000000000E+00    0.2750000000E+00
    0.1000000000E+00    0.3000000000E+00
    0.1000000000E+00    0.3250000000E+00
    0.1000000000E+00    0.3500000000E+00
    0.1000000000E+00    0.3750000000E+00
    0.1000000000E+00    0.4000000000E+00
    0.1000000000E+00    0.4250000000E+00
    0.1000000000E+00    0.4500000000E+00
    0.1000000000E+00    0.4750000000E+00
    0.1000000000E+00    0.5000000000E+00
    0.1000000000E+00    0.5250000000E+00
    0.1000000000E+00    0.5500000000E+00
    0.1000000000E+00    0.5750000000E+00
    0.1000000000E+00    0.6000000000E+00
    0.1000000000E+00    0.6250000000E+00
    0.1000000000E+00    0.6500000000E+00
    0.1000000000E+00    0.6750000000E+00
    0.1000000000E+00    0.7000000000E+00
    0.1000000000E+00    0.7250000000E+00
    0.1000000000E+00    0.7500000000E+00
    0.1000000000E+00    0.7750000000E+00
    0.1000000000E+00    0.8000000000E+00
    0.1000000000E+00    0.8250000000E+00
    0.1000000000E+00    0.8500000000E+00
    0.1000000000E+00    0.8750000000E+00
    0.1000000000E+00    0.9000000000E+00
    0.1000000000E+00    0.9250000000E+00
    0.1000000000E+00    0.9500000000E+00
    0.1000000000E+00    0.9750000000E+00
    0.1000000000E+00    0.1000000000E+01
    0.1250000000E+00    0.0000000000E+00
    0.1250000000E+00    0.2500000000E-01
    0.1250000000E+00    0.5000000000E-01
    0.1250000000E+00    0.7500000000E-01
    0.1250000000E+00    0.1000000000E+00
    0.1250000000E+00    0.1250000000E+00
    0.1250000000E+00    0.1500000000E+00
    0.1250000000E+00    0.1750000000E+00
    0.1250000000E+00    0.2000000000E+00
    0.1250000000E+00    0.2250000000E+00
    0.1250000000E+00    0.2500000000E+00
    0.1250000000E+00    0.2750000000E+00
    0.1250000000E+00    0.3000000000E+00
    0.1250000000E+00    0.3250000000E+00
    0.1250000000E+00    0.3500000000E+00
    0.1250000000E+00    0.3750000000E+00
    0.1250000000E+00    0.4000000000E+00
    0.1250000000E+00    0.4250000000E+00
    0.1250000000E+00    0.4500000000E+00
    0.1250000000E+00    0.4750000000E+00
    0.1250000000E+00    0.5000000000E+00
    0.1250000000E+00    0.5250000000E+00
    0.1250000000E+00    0.5500000000E+00
    0.1250000000E+00    0.5750000000E+00
    0.1250000000E+00    0.6000000000E+00
    0.1250000000E+00    0.6250000000E+00
    0.1250000000E+00    0.6500000000E+00
    0.1250000000E+00    0.6750000000E+00
    0.1250000000E+00    0.7000000000E+00
    0.1250000000E+00    0.7250000000E+00
    0.1250000000E+00    0.7500000000E+00
    0.1250000000E+00    0.7750000000E+00
    0.1250000000E+00    0.8000000000E+00
    0.1250000000E+00    0.8250000000E+00
    0.1250000000E+00    0.8500000000E+00
    0.1250000000E+00    0.8750000000E+00
    0.1250000000E+00    0.9000000000E+00
    0.1250000000E+00    0.9250000000E+00
    0.1250000000E+00    0.9500000000E+00
    0.1250000000E+00    0.9750000000E+00
    0.1250000000E+00    0.1000000000E+01
    0.1500000000E+00    0.0000000000E+00
    0.1500000000E+00    0.2500000000E-01
    0.1500000000E+00    0.5000000000E-01
    0.1500000000E+00    0.7500000000E-01
    0.1500000000E+00    0.1000000000E+00
    0.1500000000E+00    0.1250000000E+00
    0.1500000000E+00    0.1500000000E+00
    0.1500000000E+00    0.1750000000E+00
    0.1500000000E+00    0.2000000000E+00
    0.1500000000E+00    0.2250000000E+00
    0.1500000000E+00    0.2500000000E+00
    0.1500000000E+00    0.2750000000E+00
    0.1500000000E+00    0.3000000000E+00
    0.1500000000E+00    0.3250000000E+00
    0.1500000000E+00    0.3500000000E+00
    0.1500000000E+00    0.3750000000E+00
    0.1500000000E+00    0.4000000000E+00
    0.1500000000E+00    0.4250000000E+00
    0.1500000000E+00    0.4500000000E+00
    0.1500000000E+00    0.4750000000E+00
    0.1500000000E+00    0.5000000000E+00
    0.1500000000E+00    0.5250000000E+00
    0.1500000000E+00    0.5500000000E+00
    0.1500000000E+00    0.5750000000E+00
    0.1500000000E+00    0.6000000000E+00
    0.1500000000E+00    0.6250000000E+00
    0.1500000000E+00    0.6500000000E+00
    0.1500000000E+00    0.6750000000E+00
    0.1500000000E+00    0.7000000000E+00
    0.1500000000E+00    0.7250000000E+00
    0.1500000000E+00    0.7500000000E+00
    0.1500000000E+00    0.7750000000E+00
    0.1500000000E+00    0.8000000000E+00
    0.1500000000E+00    0.8250000000E+00
    0.1500000000E+00    0.8500000000E+00
    0.1500000000E+00    0.8750000000E+00
    0.1500000000E+00    0.9000000000E+00
    0.1500000000E+00    0.9250000000E+00
    0.1500000000E+00    0.9500000000E+00
    0.1500000000E+00    0.9750000000E+00
    0.1500000000E+00    0.1000000000E+01
    0.1750000000E+00    0.0000000000E+00
    0.1750000000E+00    0.2500000000E-01
    0.1750000000E+00    0.5000000000E-01
    0.1750000000E+00    0.7500000000E-01
    0.1750000000E+00    0.1000000000E+00
    0.1750000000E+00    0.1250000000E+00
    0.1750000000E+00    0.1500000000E+00
    0.1750000000E+00    0.1750000000E+00
    0.1750000000E+00    0.2000000000E+00
    0.1750000000E+00    0.2250000000E+00
    0.1750000000E+00    0.2500000000E+00
    0.1750000000E+00    0.2750000000E+00
    0.1750000000E+00    0.3000000000E+00
    0.1750000000E+00    0.3250000000E+00
    0.1750000000E+00    0.3500000000E+00
    0.1750000000E+00    0.3750000000E+00
    0.1750000000E+00    0.4000000000E+00
    0.1750000000E+00    0.4250000000E+00
    0.1750000000E+00    0.4500000000E+00
    0.1750000000E+00    0.4750000000E+00
    0.1750000000E+00    0.5000000000E+00
    0.1750000000E+00    0.5250000000E+00
    0.1750000000E+00    0.5500000000E+00
    0.1750000000E+00    0.5750000000E+00
    0.1750000000E+00    0.6000000000E+00
    0.1750000000E+00    0.6250000000E+00
    0.1750000000E+00    0.6500000000E+00
    0.1750000000E+00    0.6750000000E+00
    0.1750000000E+00    0.7000000000E+00
    0.1750000000E+00    0.7250000000E+00
    0.1750000000E+00    0.7500000000E+00
    0.1750000000E+00    0.7750000000E+00
    0.1750000000E+00    0.8000000000E+00
    0.1750000000E+00    0.8250000000E+00
    0.1750000000E+00    0.8500000000E+00
    0.1750000000E+00    0.8750000000E+00
    0.1750000000E+00    0.9000000000E+00
    0.1750000000E+00    0.9250000000E+00
    0.1750000000E+00    0.9500000000E+00
    0.1750000000E+00    0.9750000000E+00
    0.1750000000E+00    0.1000000000E+01
    0.2000000000E+00    0.0000000000E+00
    0.2000000000E+00    0.2500000000E-01
    0.2000000000E+00    0.5000000000E-01
    0.2000000000E+00    0.7500000000E-01
    0.2000000000E+00    0.1000000000E+00
    0.2000000000E+00    0.1250000000E+00
    0.2000000000E+00    0.1500000000E+00
    0.2000000000E+00    0.1750000000E+00
    0.2000000000E+00    0.2000000000E+00
    0.2000000000E+00    0.2250000000E+00
    0.2000000000E+00    0.2500000000E+00
    0.2000000000E+00    0.2750000000E+00
    0.2000000000E+00    0.3000000000E+00
    0.2000000000E+00    0.3250000000E+00
    0.2000000000E+00    0.3500000000E+00
    0.2000000000E+00    0.3750000000E+00
    0.2000000000E+00    0.4000000000E+00
    0.2000000000E+00    0.4250000000E+00
    0.2000000000E+00    0.4500000000E+00
    0.2000000000E+00    0.4750000000E+00
    0.2000000000E+00    0.5000000000E+00
    0.2000000000E+00    0.5250000000E+00
    0.2000000000E+00    0.5500000000E+00
    0.2000000000E+00    0.5750000000E+00
    0.2000000000E+00    0.6000000000E+00
    0.2000000000E+00    0.6250000000E+00
    0.2000000000E+00    0.6500000000E+00
    0.2000000000E+00    0.6750000000E+00
    0.2000000000E+00    0.7000000000E+00
    0.2000000000E+00    0.7250000000E+00
    0.2000000000E+00    0.7500000000E+00
    0.2000000000E+00    0.7750000000E+00
    0.2000000000E+00    0.8000000000E+00
    0.2000000000E+00    0.8250000000E+00
    0.2000000000E+00    0.8500000000E+00
    0.2000000000E+00    0.8750000000E+00
    0.2000000000E+00    0.9000000000E+00
    0.2000000000E+00    0.9250000000E+00
    0.2000000000E+00    0.9500000000E+00
    0.2000000000E+00    0.9750000000E+00
    0.2000000000E+00    0.1000000000E+01
    0.2250000000E+00    0.0000000000E+00
    0.2250000000E+00    0.2500000000E-01
    0.2250000000E+00    0.5000000000E-01
    0.2250000000E+00    0.7500000000E-01
    0.2250000000E+00    0.1000000000E+00
    0.2250000000E+00    0.1250000000E+00
    0.2250000000E+00    0.1500000000E+00
    0.2250000000E+00    0.1750000000E+00
    0.2250000000E+00    0.2000000000E+00
    0.2250000000E+00    0.2250000000E+00
    0.2250000000E+00    0.2500000000E+00
    0.2250000000E+00    0.2750000000E+00
    0.2250000000E+00    0.3000000000E+00
    0.2250000000E+00    0.3250000000E+00
    0.2250000000E+00    0.3500000000E+00
    0.2250000000E+00    0.3750000000E+00
    0.2250000000E+00    0.4000000000E+00
    0.2250000000E+00    0.4250000000E+00
    0.2250000000E+00    0.4500000000E+00
    0.2250000000E+00    0.4750000000E+00
    0.2250000000E+00    0.5000000000E+00
    0.2250000000E+00    0.5250000000E+00
    0.2250000000E+00    0.5500000000E+00
    0.2250000000E+00    0.5750000000E+00
    0.2250000000E+00    0.6000000000E+00
    0.2250000000E+00    0.6250000000E+00
    0.2250000000E+00    0.6500000000E+00
    0.2250000000E+00    0.6750000000E+00
    0.2250000000E+00    0.7000000000E+00
    0.2250000000E+00    0.7250000000E+00
    0.2250000000E+00    0.7500000000E+00
    0.2250000000E+00    0.7750000000E+00
    0.2250000000E+00    0.8000000000E+00
    0.2250000000E+00    0.8250000000E+00
    0.2250000000E+00    0.8500000000E+00
    0.2250000000E+00    0.8750000000E+00
    0.2250000000E+00    0.9000000000E+00
    0.2250000000E+00    0.9250000000E+00
    0.2250000000E+00    0.9500000000E+00
    0.2250000000E+00    0.9750000000E+00
    0.2250000000E+00    0.1000000000E+01
    0.2500000000E+00    0.0000000000E+00
    0.2500000000E+00    0.2500000000E-01
    0.2500000000E+00    0.5000000000E-01
    0.2500000000E+00    0.7500000000E-01
    0.2500000000E+00    0.1000000000E+00
    0.2500000000E+00    0.1250000000E+00
    0.2500000000E+00    0.1500000000E+00
    0.2500000000E+00    0.1750000000E+00
    0.2500000000E+00    0.2000000000E+00
    0.2500000000E+00    0.2250000000E+00
    0.2500000000E+00    0.2500000000E+00
    0.2500000000E+00    0.2750000000E+00
    0.2500000000E+00    0.3000000000E+00
    0.2500000000E+00    0.3250000000E+00
    0.2500000000E+00    0.3500000000E+00
    0.2500000000E+00    0.3750000000E+00
    0.2500000000E+00    0.4000000000E+00
    0.2500000000E+00    0.4250000000E+00
    0.2500000000E+00    0.4500000000E+00
    0.2500000000E+00    0.4750000000E+00
    0.2500000000E+00    0.5000000000E+00
    0.2500000000E+00    0.5250000000E+00
    0.2500000000E+00    0.5500000000E+00
    0.2500000000E+00    0.5750000000E+00
    0.2500000000E+00    0.6000000000E+00
    0.2500000000E+00    0.6250000000E+00
    0.2500000000E+00    0.6500000000E+00
    0.2500000000E+00    0.6750000000E+00
    0.2500000000E+00    0.7000000000E+00
    0.2500000000E+00    0.7250000000E+00
    0.2500000000E+00    0.7500000000E+00
    0.2500000000E+00    0.7750000000E+00
    0.2500000000E+00    0.8000000000E+00
    0.2500000000E+00    0.8250000000E+00
    0.2500000000E+00    0.8500000000E+00
    0.2500000000E+00    0.8750000000E+00
    0.2500000000E+00    0.9000000000E+00
    0.2500000000E+00    0.9250000000E+00
    0.2500000000E+00    0.9500000000E+00
    0.2500000000E+00    0.9750000000E+00
    0.2500000000E+00    0.1000000000E+01
    0.2750000000E+00    0.0000000000E+00
    0.2750000000E+00    0.2500000000E-01
    0.2750000000E+00    0.5000000000E-01
    0.2750000000E+00    0.7500000000E-01
    0.2750000000E+00    0.1000000000E+00
    0.2750000000E+00    0.1250000000E+00
    0.2750000000E+00    0.1500000000E+00
    0.2750000000E+00    0.1750000000E+00
    0.2750000000E+00    0.2000000000E+00
    0.2750000000E+00    0.2250000000E+00
    0.2750000000E+00    0.2500000000E+00
    0.2750000000E+00    0.2750000000E+00
    0.2750000000E+00    0.3000000000E+00
    0.2750000000E+00    0.3250000000E+00
    0.2750000000E+00    0.3500000000E+00
    0.2750000000E+00    0.3750000000E+00
    0.2750000000E+00    0.4000000000E+00
    0.2750000000E+00    0.4250000000E+00
    0.2750000000E+00    0.4500000000E+00
    0.2750000000E+00    0.4750000000E+00
    0.2750000000E+00    0.5000000000E+00
    0.2750000000E+00    0.5250000000E+00
    0.2750000000E+00    0.5500000000E+00
    0.2750000000E+00    0.5750000000E+00
    0.2750000000E+00    0.6000000000E+00
    0.2750000000E+00    0.6250000000E+00
    0.2750000000E+00    0.6500000000E+00
    0.2750000000E+00    0.6750000000E+00
    0.2750000000E+00    0.7000000000E+00
    0.2750000000E+00    0.7250000000E+00
    0.2750000000E+00    0.7500000000E+00
    0.2750000000E+00    0.7750000000E+00
    0.2750000000E+00    0.8000000000E+00
    0.2750000000E+00    0.8250000000E+00
    0.2750000000E+00    0.8500000000E+00
    0.2750000000E+00    0.8750000000E+00
    0.2750000000E+00    0.9000000000E+00
    0.2750000000E+00    0.9250000000E+00
    0.2750000000E+00    0.9500000000E+00
    0.2750000000E+00    0.9750000000E+00
    0.2750000000E+00    0.1000000000E+01
    0.3000000000E+00    0.0000000000E+00
    0.3000000000E+00    0.2500000000E-01
    0.3000000000E+00    0.5000000000E-01
    0.3000000000E+00    0.7500000000E-01
    0.3000000000E+00    0.1000000000E+00
    0.3000000000E+00    0.1250000000E+00
    0.3000000000E+00    0.1500000000E+00
    0.3000000000E+00    0.1750000000E+00
    0.3000000000E+00    0.2000000000E+00
    0.3000000000E+00    0.2250000000E+00
    0.3000000000E+00    0.2500000000E+00
    0.3000000000E+00    0.2750000000E+00
    0.3000000000E+00    0.3000000000E+00
    0.3000000000E+00    0.3250000000E+00
    0.3000000000E+00    0.3500000000E+00
    0.3000000000E+00    0.3750000000E+00
    0.3000000000E+00    0.4000000000E+00
    0.3000000000E+00    0.4250000000E+00
    0.3000000000E+00    0.4500000000E+00
    0.3000000000E+00    0.4750000000E+00
    0.3000000000E+00    0.5000000000E+00
    0.3000000000E+00    0.5250000000E+00
    0.3000000000E+00    0.5500000000E+00
    0.3000000000E+00    0.5750000000E+00
    0.3000000000E+00    0.6000000000E+00
    0.3000000000E+00    0.6250000000E+00
    0.3000000000E+00    0.6500000000E+00
    0.3000000000E+00    0.6750000000E+00
    0.3000000000E+00    0.7000000000E+00
    0.3000000000E+00    0.7250000000E+00
    0.3000000000E+00    0.7500000000E+00
    0.3000000000E+00    0.7750000000E+00
    0.3000000000E+00    0.8000000000E+00
    0.3000000000E+00    0.8250000000E+00
    0.3000000000E+00    0.8500000000E+00
    0.3000000000E+00    0.8750000000E+00
    0.3000000000E+00    0.9000000000E+00
    0.3000000000E+00    0.9250000000E+00
    0.3000000000E+00    0.9500000000E+00
    0.3000000000E+00    0.9750000000E+00
    0.3000000000E+00    0.1000000000E+01
    0.3250000000E+00    0.0000000000E+00
    0.3250000000E+00    0.2500000000E-01
    0.3250000000E+00    0.5000000000E-01
    0.3250000000E+00    0.7500000000E-01
    0.3250000000E+00    0.1000000000E+00
    0.3250000000E+00    0.1250000000E+00
    0.3250000000E+00    0.1500000000E+00
    0.3250000000E+00    0.1750000000E+00
    0.3250000000E+00    0.2000000000E+00
    0.3250000000E+00    0.2250000000E+00
    0.3250000000E+00    0.2500000000E+00
    0.3250000000E+00    0.2750000000E+00
    0.3250000000E+00    0.3000000000E+00
    0.3250000000E+00    0.3250000000E+00
    0.3250000000E+00    0.3500000000E+00
    0.3250000000E+00    0.3750000000E+00
    0.3250000000E+00    0.4000000000E+00
    0.3250000000E+00    0.4250000000E+00
    0.3250000000E+00    0.4500000000E+00
    0.3250000000E+00    0.4750000000E+00
    0.3250000000E+00    0.5000000000E+00
    0.3250000000E+00    0.5250000000E+00
    0.3250000000E+00    0.5500000000E+00
    0.3250000000E+00    0.5750000000E+00
    0.3250000000E+00    0.6000000000E+00
    0.3250000000E+00    0.6250000000E+00
    0.3250000000E+00    0.6500000000E+00
    0.3250000000E+00    0.6750000000E+00
    0.3250000000E+00    0.7000000000E+00
    0.3250000000E+00    0.7250000000E+00
    0.3250000000E+00    0.7500000000E+00
    0.3250000000E+00    0.7750000000E+00
    0.3250000000E+00    0.8000000000E+00
    0.3250000000E+00    0.8250000000E+00
    0.3250000000E+00    0.8500000000E+00
    0.3250000000E+00    0.8750000000E+00
    0.3250000000E+00    0.9000000000E+00
    0.3250000000E+00    0.9250000000E+00
    0.3250000000E+00    0.9500000000E+00
    0.3250000000E+00    0.9750000000E+00
    0.3250000000E+00    0.1000000000E+01
    0.3500000000E+00    0.0000000000E+00
    0.3500000000E+00    0.2500000000E-01
    0.3500000000E+00    0.5000000000E-01
    0.3500000000E+00    0.7500000000E-01
    0.3500000000E+00    0.1000000000E+00
    0.3500000000E+00    0.1250000000E+00
    0.3500000000E+00    0.1500000000E+00
    0.3500000000E+00    0.1750000000E+00
    0.3500000000E+00    0.2000000000E+00
    0.3500000000E+00    0.2250000000E+00
    0.3500000000E+00    0.2500000000E+00
    0.3500000000E+00    0.2750000000E+00
    0.3500000000E+00    0.3000000000E+00
    0.3500000000E+00    0.3250000000E+00
    0.3500000000E+00    0.3500000000E+00
    0.3500000000E+00    0.3750000000E+00
    0.3500000000E+00    0.4000000000E+00
    0.3500000000E+00    0.4250000000E+00
    0.3500000000E+00    0.4500000000E+00
    0.3500000000E+00    0.4750000000E+00
    0.3500000000E+00    0.5000000000E+00
    0.3500000000E+00    0.5250000000E+00
    0.3500000000E+00    0.5500000000E+00
    0.3500000000E+00    0.5750000000E+00
    0.3500000000E+00    0.6000000000E+00
    0.3500000000E+00    0.6250000000E+00
    0.3500000000E+00    0.6500000000E+00
    0.3500000000E+00    0.6750000000E+00
    0.3500000000E+00    0.7000000000E+00
    0.3500000000E+00    0.7250000000E+00
    0.3500000000E+00    0.7500000000E+00
    0.3500000000E+00    0.7750000000E+00
    0.3500000000E+00    0.8000000000E+00
    0.3500000000E+00    0.8250000000E+00
    0.3500000000E+00    0.8500000000E+00
    0.3500000000E+00    0.8750000000E+00
    0.3500000000E+00    0.9000000000E+00
    0.3500000000E+00    0.9250000000E+00
    0.3500000000E+00    0.9500000000E+00
    0.3500000000E+00    0.9750000000E+00
    0.3500000000E+00    0.1000000000E+01
    0.3750000000E+00    0.0000000000E+00
    0.3750000000E+00    0.2500000000E-01
    0.3750000000E+00    0.5000000000E-01
    0.3750000000E+00    0.7500000000E-01
    0.3750000000E+00    0.1000000000E+00
    0.3750000000E+00    0.1250000000E+00
    0.3750000000E+00    0.1500000000E+00
    0.3750000000E+00    0.1750000000E+00
    0.3750000000E+00    0.2000000000E+00
    0.3750000000E+00    0.2250000000E+00
    0.3750000000E+00    0.2500000000E+00
    0.3750000000E+00    0.2750000000E+00
    0.3750000000E+00    0.3000000000E+00
    0.3750000000E+00    0.3250000000E+00
    0.3750000000E+00    0.3500000000E+00
    0.3750000000E+00    0.3750000000E+00
    0.3750000000E+00    0.4000000000E+00
    0.3750000000E+00    0.4250000000E+00
    0.3750000000E+00    0.4500000000E+00
    0.3750000000E+00    0.4750000000E+00
    0.3750000000E+00    0.5000000000E+00
    0.3750000000E+00    0.5250000000E+00
    0.3750000000E+00    0.5500000000E+00
    0.3750000000E+00    0.5750000000E+00
    0.3750000000E+00    0.6000000000E+00
    0.3750000000E+00    0.6250000000E+00
    0.3750000000E+00    0.6500000000E+00
    0.3750000000E+00    0.6750000000E+00
    0.3750000000E+00    0.7000000000E+00
    0.3750000000E+00    0.7250000000E+00
    0.3750000000E+00    0.7500000000E+00
    0.3750000000E+00    0.7750000000E+00
    0.3750000000E+00    0.8000000000E+00
    0.3750000000E+00    0.8250000000E+00
    0.3750000000E+00    0.8500000000E+00
    0.3750000000E+00    0.8750000000E+00
    0.3750000000E+00    0.9000000000E+00
    0.3750000000E+00    0.9250000000E+00
    0.3750000000E+00    0.9500000000E+00
    0.3750000000E+00    0.9750000000E+00
    0.3750000000E+00    0.1000000000E+01
    0.4000000000E+00    0.0000000000E+00
    0.4000000000E+00    0.2500000000E-01
    0.4000000000E+00    0.5000000000E-01
    0.4000000000E+00    0.7500000000E-01
    0.4000000000E+00    0.1000000000E+00
    0.4000000000E+00    0.1250000000E+00
    0.4000000000E+00    0.1500000000E+00
    0.4000000000E+00    0.1750000000E+00
    0.4000000000E+00    0.2000000000E+00
    0.4000000000E+00    0.2250000000E+00
    0.4000000000E+00    0.2500000000E+00
    0.4000000000E+00    0.2750000000E+00
    0.4000000000E+00    0.3000000000E+00
    0.4000000000E+00    0.3250000000E+00
    0.4000000000E+00    0.3500000000E+00
    0.4000000000E+00    0.3750000000E+00
    0.4000000000E+00    0.4000000000E+00
    0.4000000000E+00    0.4250000000E+00
    0.4000000000E+00    0.4500000000E+00
    0.4000000000E+00    0.4750000000E+00
    0.4000000000E+00    0.5000000000E+00
    0.4000000000E+00    0.5250000000E+00
    0.4000000000E+00    0.5500000000E+00
    0.4000000000E+00    0.5750000000E+00
    0.4000000000E+00    0.6000000000E+00
    0.4000000000E+00    0.6250000000E+00
    0.4000000000E+00    0.6500000000E+00
    0.4000000000E+00    0.6750000000E+00
    0.4000000000E+00    0.7000000000E+00
    0.4000000000E+00    0.7250000000E+00
    0.4000000000E+00    0.7500000000E+00
    0.4000000000E+00    0.7750000000E+00
    0.4000000000E+00    0.8000000000E+00
    0.4000000000E+00    0.8250000000E+00
    0.4000000000E+00    0.8500000000E+00
    0.4000000000E+00    0.8750000000E+00
    0.4000000000E+00    0.9000000000E+00
    0.4000000000E+00    0.9250000000E+00
    0.4000000000E+00    0.9500000000E+00
    0.4000000000E+00    0.9750000000E+00
    0.4000000000E+00    0.1000000000E+01
    0.4250000000E+00    0.0000000000E+00
    0.4250000000E+00    0.2500000000E-01
    0.4250000000E+00    0.5000000000E-01
    0.4250000000E+00    0.7500000000E-01
    0.4250000000E+00    0.1000000000E+00
    0.4250000000E+00    0.1250000000E+00
    0.4250000000E+00    0.1500000000E+00
    0.4250000000E+00    0.1750000000E+00
    0.4250000000E+00    0.2000000000E+00
    0.4250000000E+00    0.2250000000E+00
    0.4250000000E+00    0.2500000000E+00
    0.4250000000E+00    0.2750000000E+00
    0.4250000000E+00    0.3000000000E+00
    0.4250000000E+00    0.3250000000E+00
    0.4250000000E+00    0.3500000000E+00
    0.4250000000E+00    0.3750000000E+00
    0.4250000000E+00    0.4000000000E+00
    0.4250000000E+00    0.4250000000E+00
    0.4250000000E+00    0.4500000000E+00
    0.4250000000E+00    0.4750000000E+00
    0.4250000000E+00    0.5000000000E+00
    0.4250000000E+00    0.5250000000E+00
    0.4250000000E+00    0.5500000000E+00
    0.4250000000E+00    0.5750000000E+00
    0.4250000000E+00    0.6000000000E+00
    0.4250000000E+00    0.6250000000E+00
    0.4250000000E+00    0.6500000000E+00
    0.4250000000E+00    0.6750000000E+00
    0.4250000000E+00    0.7000000000E+00
    0.4250000000E+00    0.7250000000E+00
    0.4250000000E+00    0.7500000000E+00
    0.4250000000E+00    0.7750000000E+00
    0.4250000000E+00    0.8000000000E+00
    0.4250000000E+00    0.8250000000E+00
    0.4250000000E+00    0.8500000000E+00
    0.4250000000E+00    0.8750000000E+00
    0.4250000000E+00    0.9000000000E+00
    0.4250000000E+00    0.9250000000E+00
    0.4250000000E+00    0.9500000000E+00
    0.4250000000E+00    0.9750000000E+00
    0.4250000000E+00    0.1000000000E+01
    0.4500000000E+00    0.0000000000E+00
    0.4500000000E+00    0.2500000000E-01
    0.4500000000E+00    0.5000000000E-01
    0.4500000000E+00    0.7500000000E-01
    0.4500000000E+00    0.1000000000E+00
    0.4500000000E+00    0.1250000000E+00
    0.4500000000E+00    0.1500000000E+00
    0.4500000000E+00    0.1750000000E+00
    0.4500000000E+00    0.2000000000E+00
    0.4500000000E+00    0.2250000000E+00
    0.4500000000E+00    0.2500000000E+00
    0.4500000000E+00    0.2750000000E+00
    0.4500000000E+00    0.3000000000E+00
    0.4500000000E+00    0.3250000000E+00
    0.4500000000E+00    0.3500000000E+00
    0.4500000000E+00    0.3750000000E+00
    0.4500000000E+00    0.4000000000E+00
    0.4500000000E+00    0.4250000000E+00
    0.4500000000E+00    0.4500000000E+00
    0.4500000000E+00    0.4750000000E+00
    0.4500000000E+00    0.5000000000E+00
    0.4500000000E+00    0.5250000000E+00
    0.4500000000E+00    0.5500000000E+00
    0.4500000000E+00    0.5750000000E+00
    0.4500000000E+00    0.6000000000E+00
    0.4500000000E+00    0.6250000000E+00
    0.4500000000E+00    0.6500000000E+00
    0.4500000000E+00    0.6750000000E+00
    0.4500000000E+00    0.7000000000E+00
    0.4500000000E+00    0.7250000000E+00
    0.4500000000E+00    0.7500000000E+00
    0.4500000000E+00    0.7750000000E+00
    0.4500000000E+00    0.8000000000E+00
    0.4500000000E+00    0.8250000000E+00
    0.4500000000E+00    0.8500000000E+00
    0.4500000000E+00    0.8750000000E+00
    0.4500000000E+00    0.9000000000E+00
    0.4500000000E+00    0.9250000000E+00
    0.4500000000E+00    0.9500000000E+00
    0.4500000000E+00    0.9750000000E+00
    0.4500000000E+00    0.1000000000E+01
    0.4750000000E+00    0.0000000000E+00
    0.4750000000E+00    0.2500000000E-01
    0.4750000000E+00    0.5000000000E-01
    0.4750000000E+00    0.7500000000E-01
    0.4750000000E+00    0.1000000000E+00
    0.4750000000E+00    0.1250000000E+00
    0.4750000000E+00    0.1500000000E+00
    0.4750000000E+00    0.1750000000E+00
    0.4750000000E+00    0.2000000000E+00
    0.4750000000E+00    0.2250000000E+00
    0.4750000000E+00    0.2500000000E+00
    0.4750000000E+00    0.2750000000E+00
    0.4750000000E+00    0.3000000000E+00
    0.4750000000E+00    0.3250000000E+00
    0.4750000000E+00    0.3500000000E+00
    0.4750000000E+00    0.3750000000E+00
    0.4750000000E+00    0.4000000000E+00
    0.4750000000E+00    0.4250000000E+00
    0.4750000000E+00    0.4500000000E+00
    0.4750000000E+00    0.4750000000E+00
    0.4750000000E+00    0.5000000000E+00
    0.4750000000E+00    0.5250000000E+00
    0.4750000000E+00    0.5500000000E+00
    0.4750000000E+00    0.5750000000E+00
    0.4750000000E+00    0.6000000000E+00
    0.4750000000E+00    0.6250000000E+00
    0.4750000000E+00    0.6500000000E+00
    0.4750000000E+00    0.6750000000E+00
    0.4750000000E+00    0.7000000000E+00
    0.4750000000E+00    0.7250000000E+00
    0.4750000000E+00    0.7500000000E+00
    0.4750000000E+00    0.7750000000E+00
    0.4750000000E+00    0.8000000000E+00
    0.4750000000E+00    0.8250000000E+00
    0.4750000000E+00    0.8500000000E+00
    0.4750000000E+00    0.8750000000E+00
    0.4750000000E+00    0.9000000000E+00
    0.4750000000E+00    0.9250000000E+00
    0.4750000000E+00    0.9500000000E+00
    0.4750000000E+00    0.9750000000E+00
    0.4750000000E+00    0.1000000000E+01
    0.5000000000E+00    0.0000000000E+00
    0.5000000000E+00    0.2500000000E-01
    0.5000000000E+00    0.5000000000E-01
    0.5000000000E+00    0.7500000000E-01
    0.5000000000E+00    0.1000000000E+00
    0.5000000000E+00    0.1250000000E+00
    0.5000000000E+00    0.1500000000E+00
    0.5000000000E+00    0.1750000000E+00
    0.5000000000E+00    0.2000000000E+00
    0.5000000000E+00    0.2250000000E+00
    0.5000000000E+00    0.2500000000E+00
    0.5000000000E+00    0.2750000000E+00
    0.5000000000E+00    0.3000000000E+00
    0.5000000000E+00    0.3250000000E+00
    0.5000000000E+00    0.3500000000E+00
    0.5000000000E+00    0.3750000000E+00
    0.5000000000E+00    0.4000000000E+00
    0.5000000000E+00    0.4250000000E+00
    0.5000000000E+00    0.4500000000E+00
    0.5000000000E+00    0.4750000000E+00
    0.5000000000E+00    0.5000000000E+00
    0.5000000000E+00    0.5250000000E+00
    0.5000000000E+00    0.5500000000E+00
    0.5000000000E+00    0.5750000000E+00
    0.5000000000E+00    0.6000000000E+00
    0.5000000000E+00    0.6250000000E+00
    0.5000000000E+00    0.6500000000E+00
    0.5000000000E+00    0.6750000000E+00
    0.5000000000E+00    0.7000000000E+00
    0.5000000000E+00    0.7250000000E+00
    0.5000000000E+00    0.7500000000E+00
    0.5000000000E+00    0.7750000000E+00
    0.5000000000E+00    0.8000000000E+00
    0.5000000000E+00    0.8250000000E+00
    0.5000000000E+00    0.8500000000E+00
    0.5000000000E+00    0.8750000000E+00
    0.5000000000E+00    0.9000000000E+00
    0.5000000000E+00    0.9250000000E+00
    0.5000000000E+00    0.9500000000E+00
    0.5000000000E+00    0.9750000000E+00
    0.5000000000E+00    0.1000000000E+01
    0.5250000000E+00    0.0000000000E+00
    0.5250000000E+00    0.2500000000E-01
    0.5250000000E+00    0.5000000000E-01
    0.5250000000E+00    0.7500000000E-01
    0.5250000000E+00    0.1000000000E+00
    0.5250000000E+00    0.1250000000E+00
    0.5250000000E+00    0.1500000000E+00
    0.5250000000E+00    0.1750000000E+00
    0.5250000000E+00    0.2000000000E+00
    0.5250000000E+00    0.2250000000E+00
    0.5250000000E+00    0.2500000000E+00
    0.5250000000E+00    0.2750000000E+00
    0.5250000000E+00    0.3000000000E+00
    0.5250000000E+00    0.3250000000E+00
    0.5250000000E+00    0.3500000000E+00
    0.5250000000E+00    0.3750000000E+00
    0.5250000000E+00    0.4000000000E+00
    0.5250000000E+00    0.4250000000E+00
    0.5250000000E+00    0.4500000000E+00
    0.5250000000E+00    0.4750000000E+00
    0.5250000000E+00    0.5000000000E+00
    0.5250000000E+00    0.5250000000E+00
    0.5250000000E+00    0.5500000000E+00
    0.5250000000E+00    0.5750000000E+00
    0.5250000000E+00    0.6000000000E+00
    0.5250000000E+00    0.6250000000E+00
    0.5250000000E+00    0.6500000000E+00
    0.5250000000E+00    0.6750000000E+00
    0.5250000000E+00    0.7000000000E+00
    0.5250000000E+00    0.7250000000E+00
    0.5250000000E+00    0.7500000000E+00
    0.5250000000E+00    0.7750000000E+00
    0.5250000000E+00    0.8000000000E+00
    0.5250000000E+00    0.8250000000E+00
    0.5250000000E+00    0.8500000000E+00
    0.5250000000E+00    0.8750000000E+00
    0.5250000000E+00    0.9000000000E+00
    0.5250000000E+00    0.9250000000E+00
    0.5250000000E+00    0.9500000000E+00
    0.5250000000E+00    0.9750000000E+00
    0.5250000000E+00    0.1000000000E+01
    0.5500000000E+00    0.0000000000E+00
    0.5500000000E+00    0.2500000000E-01
    0.5500000000E+00    0.5000000000E-01
    0.5500000000E+00    0.7500000000E-01
    0.5500000000E+00    0.1000000000E+00
    0.5500000000E+00    0.1250000000E+00
    0.5500000000E+00    0.1500000000E+00
    0.5500000000E+00    0.1750000000E+00
    0.5500000000E+00    0.2000000000E+00
    0.5500000000E+00    0.2250000000E+00
    0.5500000000E+00    0.2500000000E+00
    0.5500000000E+00    0.2750000000E+00
    0.5500000000E+00    0.3000000000E+00
    0.5500000000E+00    0.3250000000E+00
    0.5500000000E+00    0.3500000000E+00
    0.5500000000E+00    0.3750000000E+00
    0.5500000000E+00    0.4000000000E+00
    0.5500000000E+00    0.4250000000E+00
    0.5500000000E+00    0.4500000000E+00
    0.5500000000E+00    0.4750000000E+00
    0.5500000000E+00    0.5000000000E+00
    0.5500000000E+00    0.5250000000E+00
    0.5500000000E+00    0.5500000000E+00
    0.5500000000E+00    0.5750000000E+00
    0.5500000000E+00    0.6000000000E+00
    0.5500000000E+00    0.6250000000E+00
    0.5500000000E+00    0.6500000000E+00
    0.5500000000E+00    0.6750000000E+00
    0.5500000000E+00    0.7000000000E+00
    0.5500000000E+00    0.7250000000E+00
    0.5500000000E+00    0.7500000000E+00
    0.5500000000E+00    0.7750000000E+00
    0.5500000000E+00    0.8000000000E+00
    0.5500000000E+00    0.8250000000E+00
    0.5500000000E+00    0.8500000000E+00
    0.5500000000E+00    0.8750000000E+00
    0.5500000000E+00    0.9000000000E+00
    0.5500000000E+00    0.9250000000E+00
    0.5500000000E+00    0.9500000000E+00
    0.5500000000E+00    0.9750000000E+00
    0.5500000000E+00    0.1000000000E+01
    0.5750000000E+00    0.0000000000E+00
    0.5750000000E+00    0.2500000000E-01
    0.5750000000E+00    0.5000000000E-01
    0.5750000000E+00    0.7500000000E-01
    0.5750000000E+00    0.1000000000E+00
    0.5750000000E+00    0.1250000000E+00
    0.5750000000E+00    0.1500000000E+00
    0.5750000000E+00    0.1750000000E+00
    0.5750000000E+00    0.2000000000E+00
    0.5750000000E+00    0.2250000000E+00
    0.5750000000E+00    0.2500000000E+00
    0.5750000000E+00    0.2750000000E+00
    0.5750000000E+00    0.3000000000E+00
    0.5750000000E+00    0.3250000000E+00
    0.5750000000E+00    0.3500000000E+00
    0.5750000000E+00    0.3750000000E+00
    0.5750000000E+00    0.4000000000E+00
    0.5750000000E+00    0.4250000000E+00
    0.5750000000E+00    0.4500000000E+00
    0.5750000000E+00    0.4750000000E+00
    0.5750000000E+00    0.5000000000E+00
    0.5750000000E+00    0.5250000000E+00
    0.5750000000E+00    0.5500000000E+00
    0.5750000000E+00    0.5750000000E+00
    0.5750000000E+00    0.6000000000E+00
    0.5750000000E+00    0.6250000000E+00
    0.5750000000E+00    0.6500000000E+00
    0.5750000000E+00    0.6750000000E+00
    0.5750000000E+00    0.7000000000E+00
    0.5750000000E+00    0.7250000000E+00
    0.5750000000E+00    0.7500000000E+00
    0.5750000000E+00    0.7750000000E+00
    0.5750000000E+00    0.8000000000E+00
    0.5750000000E+00    0.8250000000E+00
    0.5750000000E+00    0.8500000000E+00
    0.5750000000E+00    0.8750000000E+00
    0.5750000000E+00    0.9000000000E+00
    0.5750000000E+00    0.9250000000E+00
    0.5750000000E+00    0.9500000000E+00
    0.5750000000E+00    0.9750000000E+00
    0.5750000000E+00    0.1000000000E+01
    0.6000000000E+00    0.0000000000E+00
    0.6000000000E+00    0.2500000000E-01
    0.6000000000E+00    0.5000000000E-01
    0.6000000000E+00    0.7500000000E-01
    0.6000000000E+00    0.1000000000E+00
    0.6000000000E+00    0.1250000000E+00
    0.6000000000E+00    0.1500000000E+00
    0.6000000000E+00    0.1750000000E+00
    0.6000000000E+00    0.2000000000E+00
    0.6000000000E+00    0.2250000000E+00
    0.6000000000E+00    0.2500000000E+00
    0.6000000000E+00    0.2750000000E+00
    0.6000000000E+00    0.3000000000E+00
    0.6000000000E+00    0.3250000000E+00
    0.6000000000E+00    0.3500000000E+00
    0.6000000000E+00    0.3750000000E+00
    0.6000000000E+00    0.4000000000E+00
    0.6000000000E+00    0.4250000000E+00
    0.6000000000E+00    0.4500000000E+00
    0.6000000000E+00    0.4750000000E+00
    0.6000000000E+00    0.5000000000E+00
    0.6000000000E+00    0.5250000000E+00
    0.6000000000E+00    0.5500000000E+00
    0.6000000000E+00    0.5750000000E+00
    0.6000000000E+00    0.6000000000E+00
    0.6000000000E+00    0.6250000000E+00
    0.6000000000E+00    0.6500000000E+00
    0.6000000000E+00    0.6750000000E+00
    0.6000000000E+00    0.7000000000E+00
    0.6000000000E+00    0.7250000000E+00
    0.6000000000E+00    0.7500000000E+00
    0.6000000000E+00    0.7750000000E+00
    0.6000000000E+00    0.8000000000E+00
    0.6000000000E+00    0.8250000000E+00
    0.6000000000E+00    0.8500000000E+00
    0.6000000000E+00    0.8750000000E+00
    0.6000000000E+00    0.9000000000E+00
    0.6000000000E+00    0.9250000000E+00
    0.6000000000E+00    0.9500000000E+00
    0.6000000000E+00    0.9750000000E+00
    0.6000000000E+00    0.1000000000E+01
    0.6250000000E+00    0.0000000000E+00
    0.6250000000E+00    0.2500000000E-01
    0.6250000000E+00    0.5000000000E-01
    0.6250000000E+00    0.7500000000E-01
    0.6250000000E+00    0.1000000000E+00
    0.6250000000E+00    0.1250000000E+00
    0.6250000000E+00    0.1500000000E+00
    0.6250000000E+00    0.1750000000E+00
    0.6250000000E+00    0.2000000000E+00
    0.6250000000E+00    0.2250000000E+00
    0.6250000000E+00    0.2500000000E+00
    0.6250000000E+00    0.2750000000E+00
    0.6250000000E+00    0.3000000000E+00
    0.6250000000E+00    0.3250000000E+00
    0.6250000000E+00    0.3500000000E+00
    0.6250000000E+00    0.3750000000E+00
    0.6250000000E+00    0.4000000000E+00
    0.6250000000E+00    0.4250000000E+00
    0.6250000000E+00    0.4500000000E+00
    0.6250000000E+00    0.4750000000E+00
    0.6250000000E+00    0.5000000000E+00
    0.6250000000E+00    0.5250000000E+00
    0.6250000000E+00    0.5500000000E+00
    0.6250000000E+00    0.5750000000E+00
    0.6250000000E+00    0.6000000000E+00
    0.6250000000E+00    0.6250000000E+00
    0.6250000000E+00    0.6500000000E+00
    0.6250000000E+00    0.6750000000E+00
    0.6250000000E+00    0.7000000000E+00
    0.6250000000E+00    0.7250000000E+00
    0.6250000000E+00    0.7500000000E+00
    0.6250000000E+00    0.7750000000E+00
    0.6250000000E+00    0.8000000000E+00
    0.6250000000E+00    0.8250000000E+00
    0.6250000000E+00    0.8500000000E+00
    0.6250000000E+00    0.8750000000E+00
    0.6250000000E+00    0.9000000000E+00
    0.6250000000E+00    0.9250000000E+00
    0.6250000000E+00    0.9500000000E+00
    0.6250000000E+00    0.9750000000E+00
    0.6250000000E+00    0.1000000000E+01
    0.6500000000E+00    0.0000000000E+00
    0.6500000000E+00    0.2500000000E-01
    0.6500000000E+00    0.5000000000E-01
    0.6500000000E+00    0.7500000000E-01
    0.6500000000E+00    0.1000000000E+00
    0.6500000000E+00    0.1250000000E+00
    0.6500000000E+00    0.1500000000E+00
    0.6500000000E+00    0.1750000000E+00
    0.6500000000E+00    0.2000000000E+00
    0.6500000000E+00    0.2250000000E+00
    0.6500000000E+00    0.2500000000E+00
    0.6500000000E+00    0.2750000000E+00
    0.6500000000E+00    0.3000000000E+00
    0.6500000000E+00    0.3250000000E+00
    0.6500000000E+00    0.3500000000E+00
    0.6500000000E+00    0.3750000000E+00
    0.6500000000E+00    0.4000000000E+00
    0.6500000000E+00    0.4250000000E+00
    0.6500000000E+00    0.4500000000E+00
    0.6500000000E+00    0.4750000000E+00
    0.6500000000E+00    0.5000000000E+00
    0.6500000000E+00    0.5250000000E+00
    0.6500000000E+00    0.5500000000E+00
    0.6500000000E+00    0.5750000000E+00
    0.6500000000E+00    0.6000000000E+00
    0.6500000000E+00    0.6250000000E+00
    0.6500000000E+00    0.6500000000E+00
    0.6500000000E+00    0.6750000000E+00
    0.6500000000E+00    0.7000000000E+00
    0.6500000000E+00    0.7250000000E+00
    0.6500000000E+00    0.7500000000E+00
    0.6500000000E+00    0.7750000000E+00
    0.6500000000E+00    0.8000000000E+00
    0.6500000000E+00    0.8250000000E+00
    0.6500000000E+00    0.8500000000E+00
    0.6500000000E+00    0.8750000000E+00
    0.6500000000E+00    0.9000000000E+00
    0.6500000000E+00    0.9250000000E+00
    0.6500000000E+00    0.9500000000E+00
    0.6500000000E+00    0.9750000000E+00
    0.6500000000E+00    0.1000000000E+01
    0.6750000000E+00    0.0000000000E+00
    0.6750000000E+00    0.2500000000E-01
    0.6750000000E+00    0.5000000000E-01
    0.6750000000E+00    0.7500000000E-01
    0.6750000000E+00    0.1000000000E+00
    0.6750000000E+00    0.1250000000E+00
    0.6750000000E+00    0.1500000000E+00
    0.6750000000E+00    0.1750000000E+00
    0.6750000000E+00    0.2000000000E+00
    0.6750000000E+00    0.2250000000E+00
    0.6750000000E+00    0.2500000000E+00
    0.6750000000E+00    0.2750000000E+00
    0.6750000000E+00    0.3000000000E+00
    0.6750000000E+00    0.3250000000E+00
    0.6750000000E+00    0.3500000000E+00
    0.6750000000E+00    0.3750000000E+00
    0.6750000000E+00    0.4000000000E+00
    0.6750000000E+00    0.4250000000E+00
    0.6750000000E+00    0.4500000000E+00
    0.6750000000E+00    0.4750000000E+00
    0.6750000000E+00    0.5000000000E+00
    0.6750000000E+00    0.5250000000E+00
    0.6750000000E+00    0.5500000000E+00
    0.6750000000E+00    0.5750000000E+00
    0.6750000000E+00    0.6000000000E+00
    0.6750000000E+00    0.6250000000E+00
    0.6750000000E+00    0.6500000000E+00
    0.6750000000E+00    0.6750000000E+00
    0.6750000000E+00    0.7000000000E+00
    0.6750000000E+00    0.7250000000E+00
    0.6750000000E+00    0.7500000000E+00
    0.6750000000E+00    0.7750000000E+00
    0.6750000000E+00    0.8000000000E+00
    0.6750000000E+00    0.8250000000E+00
    0.6750000000E+00    0.8500000000E+00
    0.6750000000E+00    0.8750000000E+00
    0.6750000000E+00    0.9000000000E+00
    0.6750000000E+00    0.9250000000E+00
    0.6750000000E+00    0.9500000000E+00
    0.6750000000E+00    0.9750000000E+00
    0.6750000000E+00    0.1000000000E+01
    0.7000000000E+00    0.0000000000E+00
    0.7000000000E+00    0.2500000000E-01
    0.7000000000E+00    0.5000000000E-01
    0.7000000000E+00    0.7500000000E-01
    0.7000000000E+00    0.1000000000E+00
    0.7000000000E+00    0.1250000000E+00
    0.7000000000E+00    0.1500000000E+00
    0.7000000000E+00    0.1750000000E+00
    0.7000000000E+00    0.2000000000E+00
    0.7000000000E+00    0.2250000000E+00
    0.7000000000E+00    0.2500000000E+00
    0.7000000000E+00    0.2750000000E+00
    0.7000000000E+00    0.3000000000E+00
    0.7000000000E+00    0.3250000000E+00
    0.7000000000E+00    0.3500000000E+00
    0.7000000000E+00    0.3750000000E+00
    0.7000000000E+00    0.4000000000E+00
    0.7000000000E+00    0.4250000000E+00
    0.7000000000E+00    0.4500000000E+00
    0.7000000000E+00    0.4750000000E+00
    0.7000000000E+00    0.5000000000E+00
    0.7000000000E+00    0.5250000000E+00
    0.7000000000E+00    0.5500000000E+00
    0.7000000000E+00    0.5750000000E+00
    0.7000000000E+00    0.6000000000E+00
    0.7000000000E+00    0.6250000000E+00
    0.7000000000E+00    0.6500000000E+00
    0.7000000000E+00    0.6750000000E+00
    0.7000000000E+00    0.7000000000E+00
    0.7000000000E+00    0.7250000000E+00
    0.7000000000E+00    0.7500000000E+00
    0.7000000000E+00    0.7750000000E+00
    0.7000000000E+00    0.8000000000E+00
    0.7000000000E+00    0.8250000000E+00
    0.7000000000E+00    0.8500000000E+00
    0.7000000000E+00    0.8750000000E+00
    0.7000000000E+00    0.9000000000E+00
    0.7000000000E+00    0.9250000000E+00
    0.7000000000E+00    0.9500000000E+00
    0.7000000000E+00    0.9750000000E+00
    0.7000000000E+00    0.1000000000E+01
    0.7250000000E+00    0.0000000000E+00
    0.7250000000E+00    0.2500000000E-01
    0.7250000000E+00    0.5000000000E-01
    0.7250000000E+00    0.7500000000E-01
    0.7250000000E+00    0.1000000000E+00
    0.7250000000E+00    0.1250000000E+00
    0.7250000000E+00    0.1500000000E+00
    0.7250000000E+00    0.1750000000E+00
    0.7250000000E+00    0.2000000000E+00
    0.7250000000E+00    0.2250000000E+00
    0.7250000000E+00    0.2500000000E+00
    0.7250000000E+00    0.2750000000E+00
    0.7250000000E+00    0.3000000000E+00
    0.7250000000E+00    0.3250000000E+00
    0.7250000000E+00    0.3500000000E+00
    0.7250000000E+00    0.3750000000E+00
    0.7250000000E+00    0.4000000000E+00
    0.7250000000E+00    0.4250000000E+00
    0.7250000000E+00    0.4500000000E+00
    0.7250000000E+00    0.4750000000E+00
    0.7250000000E+00    0.5000000000E+00
    0.7250000000E+00    0.5250000000E+00
    0.7250000000E+00    0.5500000000E+00
    0.7250000000E+00    0.5750000000E+00
    0.7250000000E+00    0.6000000000E+00
    0.7250000000E+00    0.6250000000E+00
    0.7250000000E+00    0.6500000000E+00
    0.7250000000E+00    0.6750000000E+00
    0.7250000000E+00    0.7000000000E+00
    0.7250000000E+00    0.7250000000E+00
    0.7250000000E+00    0.7500000000E+00
    0.7250000000E+00    0.7750000000E+00
    0.7250000000E+00    0.8000000000E+00
    0.7250000000E+00    0.8250000000E+00
    0.7250000000E+00    0.8500000000E+00
    0.7250000000E+00    0.8750000000E+00
    0.7250000000E+00    0.9000000000E+00
    0.7250000000E+00    0.9250000000E+00
    0.7250000000E+00    0.9500000000E+00
    0.7250000000E+00    0.9750000000E+00
    0.7250000000E+00    0.1000000000E+01
    0.7500000000E+00    0.0000000000E+00
    0.7500000000E+00    0.2500000000E-01
    0.7500000000E+00    0.5000000000E-01
    0.7500000000E+00    0.7500000000E-01
    0.7500000000E+00    0.1000000000E+00
    0.7500000000E+00    0.1250000000E+00
    0.7500000000E+00    0.1500000000E+00
    0.7500000000E+00    0.1750000000E+00
    0.7500000000E+00    0.2000000000E+00
    0.7500000000E+00    0.2250000000E+00
    0.7500000000E+00    0.2500000000E+00
    0.7500000000E+00    0.2750000000E+00
    0.7500000000E+00    0.3000000000E+00
    0.7500000000E+00    0.3250000000E+00
    0.7500000000E+00    0.3500000000E+00
    0.7500000000E+00    0.3750000000E+00
    0.7500000000E+00    0.4000000000E+00
    0.7500000000E+00    0.4250000000E+00
    0.7500000000E+00    0.4500000000E+00
    0.7500000000E+00    0.4750000000E+00
    0.7500000000E+00    0.5000000000E+00
    0.7500000000E+00    0.5250000000E+00
    0.7500000000E+00    0.5500000000E+00
    0.7500000000E+00    0.5750000000E+00
    0.7500000000E+00    0.6000000000E+00
    0.7500000000E+00    0.6250000000E+00
    0.7500000000E+00    0.6500000000E+00
    0.7500000000E+00    0.6750000000E+00
    0.7500000000E+00    0.7000000000E+00
    0.7500000000E+00    0.7250000000E+00
    0.7500000000E+00    0.7500000000E+00
    0.7500000000E+00    0.7750000000E+00
    0.7500000000E+00    0.8000000000E+00
    0.7500000000E+00    0.8250000000E+00
    0.7500000000E+00    0.8500000000E+00
    0.7500000000E+00    0.8750000000E+00
    0.7500000000E+00    0.9000000000E+00
    0.7500000000E+00    0.9250000000E+00
    0.7500000000E+00    0.9500000000E+00
    0.7500000000E+00    0.9750000000E+00
    0.7500000000E+00    0.1000000000E+01
    0.7750000000E+00    0.0000000000E+00
    0.7750000000E+00    0.2500000000E-01
    0.7750000000E+00    0.5000000000E-01
    0.7750000000E+00    0.7500000000E-01
    0.7750000000E+00    0.1000000000E+00
    0.7750000000E+00    0.1250000000E+00
    0.7750000000E+00    0.1500000000E+00
    0.7750000000E+00    0.1750000000E+00
    0.7750000000E+00    0.2000000000E+00
    0.7750000000E+00    0.2250000000E+00
    0.7750000000E+00    0.2500000000E+00
    0.7750000000E+00    0.2750000000E+00
    0.7750000000E+00    0.3000000000E+00
    0.7750000000E+00    0.3250000000E+00
    0.7750000000E+00    0.3500000000E+00
    0.7750000000E+00    0.3750000000E+00
    0.7750000000E+00    0.4000000000E+00
    0.7750000000E+00    0.4250000000E+00
    0.7750000000E+00    0.4500000000E+00
    0.7750000000E+00    0.4750000000E+00
    0.7750000000E+00    0.5000000000E+00
    0.7750000000E+00    0.5250000000E+00
    0.7750000000E+00    0.5500000000E+00
    0.7750000000E+00    0.5750000000E+00
    0.7750000000E+00    0.6000000000E+00
    0.7750000000E+00    0.6250000000E+00
    0.7750000000E+00    0.6500000000E+00
    0.7750000000E+00    0.6750000000E+00
    0.7750000000E+00    0.7000000000E+00
    0.7750000000E+00    0.7250000000E+00
    0.7750000000E+00    0.7500000000E+00
    0.7750000000E+00    0.7750000000E+00
    0.7750000000E+00    0.8000000000E+00
    0.7750000000E+00    0.8250000000E+00
    0.7750000000E+00    0.8500000000E+00
    0.7750000000E+00    0.8750000000E+00
    0.7750000000E+00    0.9000000000E+00
    0.7750000000E+00    0.9250000000E+00
    0.7750000000E+00    0.9500000000E+00
    0.7750000000E+00    0.9750000000E+00
    0.7750000000E+00    0.1000000000E+01
    0.8000000000E+00    0.0000000000E+00
    0.8000000000E+00    0.2500000000E-01
    0.8000000000E+00    0.5000000000E-01
    0.8000000000E+00    0.7500000000E-01
    0.8000000000E+00    0.1000000000E+00
    0.8000000000E+00    0.1250000000E+00
    0.8000000000E+00    0.1500000000E+00
    0.8000000000E+00    0.1750000000E+00
    0.8000000000E+00    0.2000000000E+00
    0.8000000000E+00    0.2250000000E+00
    0.8000000000E+00    0.2500000000E+00
    0.8000000000E+00    0.2750000000E+00
    0.8000000000E+00    0.3000000000E+00
    0.8000000000E+00    0.3250000000E+00
    0.8000000000E+00    0.3500000000E+00
    0.8000000000E+00    0.3750000000E+00
    0.8000000000E+00    0.4000000000E+00
    0.8000000000E+00    0.4250000000E+00
    0.8000000000E+00    0.4500000000E+00
    0.8000000000E+00    0.4750000000E+00
    0.8000000000E+00    0.5000000000E+00
    0.8000000000E+00    0.5250000000E+00
    0.8000000000E+00    0.5500000000E+00
    0.8000000000E+00    0.5750000000E+00
    0.8000000000E+00    0.6000000000E+00
    0.8000000000E+00    0.6250000000E+00
    0.8000000000E+00    0.6500000000E+00
    0.8000000000E+00    0.6750000000E+00
    0.8000000000E+00    0.7000000000E+00
    0.8000000000E+00    0.7250000000E+00
    0.8000000000E+00    0.7500000000E+00
    0.8000000000E+00    0.7750000000E+00
    0.8000000000E+00    0.8000000000E+00
    0.8000000000E+00    0.8250000000E+00
    0.8000000000E+00    0.8500000000E+00
    0.8000000000E+00    0.8750000000E+00
    0.8000000000E+00    0.9000000000E+00
    0.8000000000E+00    0.9250000000E+00
    0.8000000000E+00    0.9500000000E+00
    0.8000000000E+00    0.9750000000E+00
    0.8000000000E+00    0.1000000000E+01
    0.8250000000E+00    0.0000000000E+00
    0.8250000000E+00    0.2500000000E-01
    0.8250000000E+00    0.5000000000E-01
    0.8250000000E+00    0.7500000000E-01
    0.8250000000E+00    0.1000000000E+00
    0.8250000000E+00    0.1250000000E+00
    0.8250000000E+00    0.1500000000E+00
    0.8250000000E+00    0.1750000000E+00
    0.8250000000E+00    0.2000000000E+00
    0.8250000000E+00    0.2250000000E+00
    0.8250000000E+00    0.2500000000E+00
    0.8250000000E+00    0.2750000000E+00
    0.8250000000E+00    0.3000000000E+00
    0.8250000000E+00    0.3250000000E+00
    0.8250000000E+00    0.3500000000E+00
    0.8250000000E+00    0.3750000000E+00
    0.8250000000E+00    0.4000000000E+00
    0.8250000000E+00    0.4250000000E+00
    0.8250000000E+00    0.4500000000E+00
    0.8250000000E+00    0.4750000000E+00
    0.8250000000E+00    0.5000000000E+00
    0.8250000000E+00    0.5250000000E+00
    0.8250000000E+00    0.5500000000E+00
    0.8250000000E+00    0.5750000000E+00
    0.8250000000E+00    0.6000000000E+00
    0.8250000000E+00    0.6250000000E+00
    0.8250000000E+00    0.6500000000E+00
    0.8250000000E+00    0.6750000000E+00
    0.8250000000E+00    0.7000000000E+00
    0.8250000000E+00    0.7250000000E+00
    0.8250000000E+00    0.7500000000E+00
    0.8250000000E+00    0.7750000000E+00
    0.8250000000E+00    0.8000000000E+00
    0.8250000000E+00    0.8250000000E+00
    0.8250000000E+00    0.8500000000E+00
    0.8250000000E+00    0.8750000000E+00
    0.8250000000E+00    0.9000000000E+00
    0.8250000000E+00    0.9250000000E+00
    0.8250000000E+00    0.9500000000E+00
    0.8250000000E+00    0.9750000000E+00
    0.8250000000E+00    0.1000000000E+01
    0.8500000000E+00    0.0000000000E+00
    0.8500000000E+00    0.2500000000E-01
    0.8500000000E+00    0.5000000000E-01
    0.8500000000E+00    0.7500000000E-01
    0.8500000000E+00    0.1000000000E+00
    0.8500000000E+00    0.1250000000E+00
    0.8500000000E+00    0.1500000000E+00
    0.8500000000E+00    0.1750000000E+00
    0.8500000000E+00    0.2000000000E+00
    0.8500000000E+00    0.2250000000E+00
    0.8500000000E+00    0.2500000000E+00
    0.8500000000E+00    0.2750000000E+00
    0.8500000000E+00    0.3000000000E+00
    0.8500000000E+00    0.3250000000E+00
    0.8500000000E+00    0.3500000000E+00
    0.8500000000E+00    0.3750000000E+00
    0.8500000000E+00    0.4000000000E+00
    0.8500000000E+00    0.4250000000E+00
    0.8500000000E+00    0.4500000000E+00
    0.8500000000E+00    0.4750000000E+00
    0.8500000000E+00    0.5000000000E+00
    0.8500000000E+00    0.5250000000E+00
    0.8500000000E+00    0.5500000000E+00
    0.8500000000E+00    0.5750000000E+00
    0.8500000000E+00    0.6000000000E+00
    0.8500000000E+00    0.6250000000E+00
    0.8500000000E+00    0.6500000000E+00
    0.8500000000E+00    0.6750000000E+00
    0.8500000000E+00    0.7000000000E+00
    0.8500000000E+00    0.7250000000E+00
    0.8500000000E+00    0.7500000000E+00
    0.8500000000E+00    0.7750000000E+00
    0.8500000000E+00    0.8000000000E+00
    0.8500000000E+00    0.8250000000E+00
    0.8500000000E+00    0.8500000000E+00
    0.8500000000E+00    0.8750000000E+00
    0.8500000000E+00    0.9000000000E+00
    0.8500000000E+00    0.9250000000E+00
    0.8500000000E+00    0.9500000000E+00
    0.8500000000E+00    0.9750000000E+00
    0.8500000000E+00    0.1000000000E+01
    0.8750000000E+00    0.0000000000E+00
    0.8750000000E+00    0.2500000000E-01
    0.8750000000E+00    0.5000000000E-01
    0.8750000000E+00    0.7500000000E-01
    0.8750000000E+00    0.1000000000E+00
    0.8750000000E+00    0.1250000000E+00
    0.8750000000E+00    0.1500000000E+00
    0.8750000000E+00    0.1750000000E+00
    0.8750000000E+00    0.2000000000E+00
    0.8750000000E+00    0.2250000000E+00
    0.8750000000E+00    0.2500000000E+00
    0.8750000000E+00    0.2750000000E+00
    0.8750000000E+00    0.3000000000E+00
    0.8750000000E+00    0.3250000000E+00
    0.8750000000E+00    0.3500000000E+00
    0.8750000000E+00    0.3750000000E+00
    0.8750000000E+00    0.4000000000E+00
    0.8750000000E+00    0.4250000000E+00
    0.8750000000E+00    0.4500000000E+00
    0.8750000000E+00    0.4750000000E+00
    0.8750000000E+00    0.5000000000E+00
    0.8750000000E+00    0.5250000000E+00
    0.8750000000E+00    0.5500000000E+00
    0.8750000000E+00    0.5750000000E+00
    0.8750000000E+00    0.6000000000E+00
    0.8750000000E+00    0.6250000000E+00
    0.8750000000E+00    0.6500000000E+00
    0.8750000000E+00    0.6750000000E+00
    0.8750000000E+00    0.7000000000E+00
    0.8750000000E+00    0.7250000000E+00
    0.8750000000E+00    0.7500000000E+00
    0.8750000000E+00    0.7750000000E+00
    0.8750000000E+00    0.8000000000E+00
    0.8750000000E+00    0.8250000000E+00
    0.8750000000E+00    0.8500000000E+00
    0.8750000000E+00    0.8750000000E+00
    0.8750000000E+00    0.9000000000E+00
    0.8750000000E+00    0.9250000000E+00
    0.8750000000E+00    0.9500000000E+00
    0.8750000000E+00    0.9750000000E+00
    0.8750000000E+00    0.1000000000E+01
    0.9000000000E+00    0.0000000000E+00
    0.9000000000E+00    0.2500000000E-01
    0.9000000000E+00    0.5000000000E-01
    0.9000000000E+00    0.7500000000E-01
    0.9000000000E+00    0.1000000000E+00
    0.9000000000E+00    0.1250000000E+00
    0.9000000000E+00    0.1500000000E+00
    0.9000000000E+00    0.1750000000E+00
    0.9000000000E+00    0.2000000000E+00
    0.9000000000E+00    0.2250000000E+00
    0.9000000000E+00    0.2500000000E+00
    0.9000000000E+00    0.2750000000E+00
    0.9000000000E+00    0.3000000000E+00
    0.9000000000E+00    0.3250000000E+00
    0.9000000000E+00    0.3500000000E+00
    0.9000000000E+00    0.3750000000E+00
    0.9000000000E+00    0.4000000000E+00
    0.9000000000E+00    0.4250000000E+00
    0.9000000000E+00    0.4500000000E+00
    0.9000000000E+00    0.4750000000E+00
    0.9000000000E+00    0.5000000000E+00
    0.9000000000E+00    0.5250000000E+00
    0.9000000000E+00    0.5500000000E+00
    0.9000000000E+00    0.5750000000E+00
    0.9000000000E+00    0.6000000000E+00
    0.9000000000E+00    0.6250000000E+00
    0.9000000000E+00    0.6500000000E+00
    0.9000000000E+00    0.6750000000E+00
    0.9000000000E+00    0.7000000000E+00
    0.9000000000E+00    0.7250000000E+00
    0.9000000000E+00    0.7500000000E+00
    0.9000000000E+00    0.7750000000E+00
    0.9000000000E+00    0.8000000000E+00
    0.9000000000E+00    0.8250000000E+00
    0.9000000000E+00    0.8500000000E+00
    0.9000000000E+00    0.8750000000E+00
    0.9000000000E+00    0.9000000000E+00
    0.9000000000E+00    0.9250000000E+00
    0.9000000000E+00    0.9500000000E+00
    0.9000000000E+00    0.9750000000E+00
    0.9000000000E+00    0.1000000000E+01
    0.9250000000E+00    0.0000000000E+00
    0.9250000000E+00    0.2500000000E-01
    0.9250000000E+00    0.5000000000E-01
    0.9250000000E+00    0.7500000000E-01
    0.9250000000E+00    0.1000000000E+00
    0.9250000000E+00    0.1250000000E+00
    0.9250000000E+00    0.1500000000E+00
    0.9250000000E+00    0.1750000000E+00
    0.9250000000E+00    0.2000000000E+00
    0.9250000000E+00    0.2250000000E+00
    0.9250000000E+00    0.2500000000E+00
    0.9250000000E+00    0.2750000000E+00
    0.9250000000E+00    0.3000000000E+00
    0.9250000000E+00    0.3250000000E+00
    0.9250000000E+00    0.3500000000E+00
    0.9250000000E+00    0.3750000000E+00
    0.9250000000E+00    0.4000000000E+00
    0.9250000000E+00    0.4250000000E+00
    0.9250000000E+00    0.4500000000E+00
    0.9250000000E+00    0.4750000000E+00
    0.9250000000E+00    0.5000000000E+00
    0.9250000000E+00    0.5250000000E+00
    0.9250000000E+00    0.5500000000E+00
    0.9250000000E+00    0.5750000000E+00
    0.9250000000E+00    0.6000000000E+00
    0.9250000000E+00    0.6250000000E+00
    0.9250000000E+00    0.6500000000E+00
    0.9250000000E+00    0.6750000000E+00
    0.9250000000E+00    0.7000000000E+00
    0.9250000000E+00    0.7250000000E+00
    0.9250000000E+00    0.7500000000E+00
    0.9250000000E+00    0.7750000000E+00
    0.9250000000E+00    0.8000000000E+00
    0.9250000000E+00    0.8250000000E+00
    0.9250000000E+00    0.8500000000E+00
    0.9250000000E+00    0.8750000000E+00
    0.9250000000E+00    0.9000000000E+00
    0.9250000000E+00    0.9250000000E+00
    0.9250000000E+00    0.9500000000E+00
    0.9250000000E+00    0.9750000000E+00
    0.9250000000E+00    0.1000000000E+01
    0.9500000000E+00    0.0000000000E+00
    0.9500000000E+00    0.2500000000E-01
    0.9500000000E+00    0.5000000000E-01
    0.9500000000E+00    0.7500000000E-01
    0.9500000000E+00    0.1000000000E+00
    0.9500000000E+00    0.1250000000E+00
    0.9500000000E+00    0.1500000000E+00
    0.9500000000E+00    0.1750000000E+00
    0.9500000000E+00    0.2000000000E+00
    0.9500000000E+00    0.2250000000E+00
    0.9500000000E+00    0.2500000000E+00
    0.9500000000E+00    0.2750000000E+00
    0.9500000000E+00    0.3000000000E+00
    0.9500000000E+00    0.3250000000E+00
    0.9500000000E+00    0.3500000000E+00
    0.9500000000E+00    0.3750000000E+00
    0.9500000000E+00    0.4000000000E+00
    0.9500000000E+00    0.4250000000E+00
    0.9500000000E+00    0.4500000000E+00
    0.9500000000E+00    0.4750000000E+00
    0.9500000000E+00    0.5000000000E+00
    0.9500000000E+00    0.5250000000E+00
    0.9500000000E+00    0.5500000000E+00
    0.9500000000E+00    0.5750000000E+00
    0.9500000000E+00    0.6000000000E+00
    0.9500000000E+00    0.6250000000E+00
    0.9500000000E+00    0.6500000000E+00
    0.9500000000E+00    0.6750000000E+00
    0.9500000000E+00    0.7000000000E+00
    0.9500000000E+00    0.7250000000E+00
    0.9500000000E+00    0.7500000000E+00
    0.9500000000E+00    0.7750000000E+00
    0.9500000000E+00    0.8000000000E+00
    0.9500000000E+00    0.8250000000E+00
    0.9500000000E+00    0.8500000000E+00
    0.9500000000E+00    0.8750000000E+00
    0.9500000000E+00    0.9000000000E+00
    0.9500000000E+00    0.9250000000E+00
    0.9500000000E+00    0.9500000000E+00
    0.9500000000E+00    0.9750000000E+00
    0.9500000000E+00    0.1000000000E+01
    0.9750000000E+00    0.0000000000E+00
    0.9750000000E+00    0.2500000000E-01
    0.9750000000E+00    0.5000000000E-01
    0.9750000000E+00    0.7500000000E-01
    0.9750000000E+00    0.1000000000E+00
    0.9750000000E+00    0.1250000000E+00
    0.9750000000E+00    0.1500000000E+00
    0.9750000000E+00    0.1750000000E+00
    0.9750000000E+00    0.2000000000E+00
    0.9750000000E+00    0.2250000000E+00
    0.9750000000E+00    0.2500000000E+00
    0.9750000000E+00    0.2750000000E+00
    0.9750000000E+00    0.3000000000E+00
    0.9750000000E+00    0.3250000000E+00
    0.9750000000E+00    0.3500000000E+00
    0.9750000000E+00    0.3750000000E+00
    0.9750000000E+00    0.4000000000E+00
    0.9750000000E+00    0.4250000000E+00
    0.9750000000E+00    0.4500000000E+00
    0.9750000000E+00    0.4750000000E+00
    0.9750000000E+00    0.5000000000E+00
    0.9750000000E+00    0.5250000000E+00
    0.9750000000E+00    0.5500000000E+00
    0.9750000000E+00    0.5750000000E+00
    0.9750000000E+00    0.6000000000E+00
    0.9750000000E+00    0.6250000000E+00
    0.9750000000E+00    0.6500000000E+00
    0.9750000000E+00    0.6750000000E+00
    0.9750000000E+00    0.7000000000E+00
    0.9750000000E+00    0.7250000000E+00
    0.9750000000E+00    0.7500000000E+00
    0.9750000000E+00    0.7750000000E+00
    0.9750000000E+00    0.8000000000E+00
    0.9750000000E+00    0.8250000000E+00
    0.9750000000E+00    0.8500000000E+00
    0.9750000000E+00    0.8750000000E+00
    0.9750000000E+00    0.9000000000E+00
    0.9750000000E+00    0.9250000000E+00
    0.9750000000E+00    0.9500000000E+00
    0.9750000000E+00    0.9750000000E+00
    0.9750000000E+00    0.1000000000E+01
    0.1000000000E+01    0.0000000000E+00
    0.1000000000E+01    0.2500000000E-01
    0.1000000000E+01    0.5000000000E-01
    0.1000000000E+01    0.7500000000E-01
    0.1000000000E+01    0.1000000000E+00
    0.1000000000E+01    0.1250000000E+00
    0.1000000000E+01    0.1500000000E+00
    0.1000000000E+01    0.1750000000E+00
    0.1000000000E+01    0.2000000000E+00
    0.1000000000E+01    0.2250000000E+00
    0.1000000000E+01    0.2500000000E+00
    0.1000000000E+01    0.2750000000E+00
    0.1000000000E+01    0.3000000000E+00
    0.1000000000E+01    0.3250000000E+00
    0.1000000000E+01    0.3500000000E+00
    0.1000000000E+01    0.3750000000E+00
    0.1000000000E+01    0.4000000000E+00
    0.1000000000E+01    0.4250000000E+00
    0.1000000000E+01    0.4500000000E+00
    0.1000000000E+01    0.4750000000E+00
    0.1000000000E+01    0.5000000000E+00
    0.1000000000E+01    0.5250000000E+00
    0.1000000000E+01    0.5500000000E+00
    0.1000000000E+01    0.5750000000E+00
    0.1000000000E+01    0.6000000000E+00
    0.1000000000E+01    0.6250000000E+00
    0.1000000000E+01    0.6500000000E+00
    0.1000000000E+01    0.6750000000E+00
    0.1000000000E+01    0.7000000000E+00
    0.1000000000E+01    0.7250000000E+00
    0.1000000000E+01    0.7500000000E+00
    0.1000000000E+01    0.7750000000E+00
    0.1000000000E+01    0.8000000000E+00
    0.1000000000E+01    0.8250000000E+00
    0.1000000000E+01    0.8500000000E+00
    0.1000000000E+01    0.8750000000E+00
    0.1000000000E+01    0.9000000000E+00
    0.1000000000E+01    0.9250000000E+00
    0.1000000000E+01    0.9500000000E+00
    0.1000000000E+01    0.9750000000E+00
    0.1000000000E+01    0.1000000000E+01
