        -2.317504842149627                         0
         -1.58113883008419        -1.224744871391589
         -1.58113883008419                         0
         -1.58113883008419         1.224744871391589
        -1.276389950843013                         0
                         0        -1.224744871391589
                         0                         0
                         0         1.224744871391589
     1.370431546021678e-16        -1.224744871391589
     1.370431546021678e-16                         0
     1.370431546021678e-16         1.224744871391589
     5.112029952749515e-16                         0
         1.276389950843012                         0
          1.58113883008419        -1.224744871391589
          1.58113883008419                         0
          1.58113883008419         1.224744871391589
         2.317504842149628                         0
