       0.05814234779248181
        0.0930277564679709
       0.05814234779248181
       0.05814234779248181
      -0.01032187545493815
        0.2229985637644235
     -0.004661892467267503
        0.2229985637644235
      -0.01032187545493815
       0.05814234779248181
        0.2229985637644235
        0.3567977020230775
        0.2229985637644235
        0.0930277564679709
     -0.004661892467267337
        0.3567977020230775
       0.01150594526938598
        0.3567977020230775
     -0.004661892467267337
        0.0930277564679709
        0.2229985637644235
        0.3567977020230775
        0.2229985637644235
       0.05814234779248181
      -0.01032187545493815
        0.2229985637644235
     -0.004661892467267503
        0.2229985637644235
      -0.01032187545493815
       0.05814234779248181
       0.05814234779248181
        0.0930277564679709
       0.05814234779248181
