                        -1       -0.7745966692414833                         0
                        -1                         0        -1.224744871391589
                        -1                         0    -9.862844991098402e-17
                        -1                         0                         0
                        -1                         0         1.224744871391589
                        -1     1.994931997373328e-17                         0
                        -1        0.7745966692414832                         0
       -0.7071067811865475                         0                         0
                         0       -0.9061798459386641                         0
                         0       -0.7745966692414833        -1.224744871391589
                         0       -0.7745966692414833    -9.862844991098402e-17
                         0       -0.7745966692414833                         0
                         0       -0.7745966692414833         1.224744871391589
                         0        -0.538469310105683                         0
                         0    -1.081853856991421e-16                         0
                         0                         0        -2.020182870456086
                         0                         0        -1.224744871391589
                         0                         0       -0.9585724646138184
                         0                         0    -9.862844991098402e-17
                         0                         0                         0
                         0                         0     2.402579402021668e-16
                         0                         0        0.9585724646138187
                         0                         0         1.224744871391589
                         0                         0         2.020182870456086
                         0     1.994931997373328e-17        -1.224744871391589
                         0     1.994931997373328e-17    -9.862844991098402e-17
                         0     1.994931997373328e-17                         0
                         0     1.994931997373328e-17         1.224744871391589
                         0        0.5384693101056831                         0
                         0        0.7745966692414832        -1.224744871391589
                         0        0.7745966692414832    -9.862844991098402e-17
                         0        0.7745966692414832                         0
                         0        0.7745966692414832         1.224744871391589
                         0        0.9061798459386639                         0
        0.7071067811865476                         0                         0
                         1       -0.7745966692414833                         0
                         1                         0        -1.224744871391589
                         1                         0    -9.862844991098402e-17
                         1                         0                         0
                         1                         0         1.224744871391589
                         1     1.994931997373328e-17                         0
                         1        0.7745966692414832                         0
