        0.3282321946121327
        0.1969393167672797
        0.7877572670691182
         -2.12694462108662
        0.1969393167672798
        0.5251715113794126
        0.3282321946121325
         1.890617440965884
        0.8398839396017823
        0.3282321946121328
          1.31292877844853
        -2.625857556897061
        0.3282321946121329
          1.69669446036078
         2.016658603696943
        0.0798129682361839
        -1.575514534138237
         1.574477292608966
        -6.302058136552946
        0.4726543602414717
         3.781234881931773
         1.574477292608965
        -1.575514534138238
       0.07981296823618356
        0.5251715113794128
         2.100686045517649
        -4.201372091035301
        0.5251715113794131
         1.696694460360782
        0.3282321946121326
          1.31292877844853
         -2.62585755689706
        0.3282321946121328
         0.839883939601782
         1.890617440965885
        0.3282321946121327
        0.1969393167672797
        0.7877572670691182
         -2.12694462108662
        0.1969393167672798
        0.5251715113794126
        0.3282321946121325
